<?xml version="1.0"?>
<opencv_storage>
<CameraMatrix type_id="opencv-matrix">
  <rows>3</rows>
  <cols>4</cols>
  <dt>d</dt>
  <data>
    -6.4560517419999996e-01 3.4739536270000003e-02
    7.6288080570000005e-01 2.0064195150000000e-01 9.0401568660000001e-02
    9.9541731389999999e-01 3.1175754359999999e-02 1.2623178690000001e+00
    -7.5830173109999999e-01 8.9092849860000004e-02
    -6.4578707690000003e-01 2.8966042709999997e+00</data></CameraMatrix>
<Intrinsics type_id="opencv-matrix">
  <rows>3</rows>
  <cols>3</cols>
  <dt>d</dt>
  <data>
    1.3999657130000001e+03 6.6709499999999999e-01 9.4312999800000000e+02
    0. 1.3946097910000001e+03 5.5424404200000004e+02 0. 0. 1.</data></Intrinsics>
<Distortion type_id="opencv-matrix">
  <rows>5</rows>
  <cols>1</cols>
  <dt>d</dt>
  <data>
    -2.8929899999999997e-01 1.9292999999999999e-01
    -9.3999999999999994e-05 3.4400000000000001e-04
    -5.7798000000000002e-02</data></Distortion>
</opencv_storage>
