<?xml version="1.0"?>
<opencv_storage>
<CameraMatrix type_id="opencv-matrix">
  <rows>3</rows>
  <cols>4</cols>
  <dt>d</dt>
  <data>
    -5.8744888989999999e-01 -7.5141647909999998e-01
    3.0046143949999998e-01 -1.3753769800000000e+00
    6.4206407799999998e-01 -2.0676470680000000e-01
    7.3824255890000001e-01 -6.8585792670000001e-01
    -4.9260280290000003e-01 6.2659526880000005e-01
    6.0392122640000001e-01 3.5357877230000003e+00</data></CameraMatrix>
<Intrinsics type_id="opencv-matrix">
  <rows>3</rows>
  <cols>3</cols>
  <dt>d</dt>
  <data>
    1.3939719760000000e+03 -6.3893100000000003e-01
    9.3718471299999999e+02 0. 1.3914915410000001e+03
    5.6309343100000001e+02 0. 0. 1.</data></Intrinsics>
<Distortion type_id="opencv-matrix">
  <rows>5</rows>
  <cols>1</cols>
  <dt>d</dt>
  <data>
    -2.9324899999999998e-01 2.0449800000000001e-01
    -6.8300000000000001e-04 7.0399999999999998e-04
    -6.9558999999999996e-02</data></Distortion>
</opencv_storage>
