<?xml version="1.0"?>
<opencv_storage>
<CameraMatrix type_id="opencv-matrix">
  <rows>3</rows>
  <cols>4</cols>
  <dt>d</dt>
  <data>
    9.4227123349999997e-01 -3.0221196339999999e-02
    -3.3348403539999999e-01 -1.7880836829999999e-01
    -1.1567761620000000e-02 9.9238654910000001e-01
    -1.2261779700000000e-01 1.1794996209999999e+00
    3.3465072750000002e-01 1.1939688660000000e-01 9.3474770610000002e-01
    2.8239148290000005e+00</data></CameraMatrix>
<Intrinsics type_id="opencv-matrix">
  <rows>3</rows>
  <cols>3</cols>
  <dt>d</dt>
  <data>
    1.4081469589999999e+03 -4.4042300000000001e-01
    9.5276491599999997e+02 0. 1.4028305620000001e+03
    5.6587800000000004e+02 0. 0. 1.</data></Intrinsics>
<Distortion type_id="opencv-matrix">
  <rows>5</rows>
  <cols>1</cols>
  <dt>d</dt>
  <data>
    -2.8574899999999998e-01 1.8633800000000000e-01
    -1.5899999999999999e-04 3.7500000000000001e-04
    -4.6302999999999997e-02</data></Distortion>
</opencv_storage>
