<?xml version="1.0"?>
<opencv_storage>
<CameraMatrix type_id="opencv-matrix">
  <rows>3</rows>
  <cols>4</cols>
  <dt>d</dt>
  <data>
    9.9884249514961487e-01 -4.6989765022437929e-02
    -1.0277736444743793e-02 6.6061933828240016e-01
    4.7019952461845448e-02 9.9889025960350974e-01 2.7153894230555423e-03
    2.2516503829964157e-02 1.0138735314492773e-02
    -3.1955050256748810e-03 9.9994349580056441e-01
    1.0286384223778994e-02</data></CameraMatrix>
<Intrinsics type_id="opencv-matrix">
  <rows>3</rows>
  <cols>3</cols>
  <dt>d</dt>
  <data>
    6.0553246827144494e+02 0. 6.2073586342683620e+02 0.
    6.0521214569481458e+02 5.1234761306198209e+02 0. 0. 1.</data></Intrinsics>
<Distortion type_id="opencv-matrix">
  <rows>14</rows>
  <cols>1</cols>
  <dt>d</dt>
  <data>
    2.5674412373543158e+00 -9.5799790103265933e-02
    -1.1036893769628803e-03 2.0635763938693917e-03
    -2.1293551630359831e-02 2.6754391498447676e+00
    6.6382165331056203e-02 -2.1339663161268221e-01 0. 0. 0. 0. 0. 0.</data></Distortion>
<CameraMatrixInitial type_id="opencv-matrix">
  <rows>3</rows>
  <cols>4</cols>
  <dt>d</dt>
  <data>
    1. 0. 0. 0. 0. 1. 0. 0. 0. 0. 1. 0.</data></CameraMatrixInitial>
</opencv_storage>
