<?xml version="1.0"?>
<opencv_storage>
<CameraMatrix type_id="opencv-matrix">
  <rows>3</rows>
  <cols>4</cols>
  <dt>d</dt>
  <data>
    4.8776918089999999e-01 2.2386656790000001e-02
    -8.7268554690000000e-01 9.0509164710000006e-02
    -5.6397206099999997e-01 7.7113651890000001e-01
    -2.9543862910000002e-01 1.1044083080000000e+00
    6.6634581159999995e-01 6.3627612460000005e-01 3.8876207709999999e-01
    3.5651726290000001e+00</data></CameraMatrix>
<Intrinsics type_id="opencv-matrix">
  <rows>3</rows>
  <cols>3</cols>
  <dt>d</dt>
  <data>
    1.4007620999999999e+03 -1.1535390000000001e+00
    9.5144821800000000e+02 0. 1.3959893709999999e+03
    5.5892792799999995e+02 0. 0. 1.</data></Intrinsics>
<Distortion type_id="opencv-matrix">
  <rows>5</rows>
  <cols>1</cols>
  <dt>d</dt>
  <data>
    -2.8594599999999998e-01 1.8349399999999999e-01
    -2.6999999999999999e-05 7.5199999999999996e-04
    -4.6427999999999997e-02</data></Distortion>
</opencv_storage>
