{
	"calibDataSource": "160422_calib_tent13_norm",
	"cameras": [
		{
			"name": "01_01",
			"type": "vga",
			"resolution": [640,480],
			"K": [
				[745.606,0,374.278],
				[0,746.049,226.198],
				[0,0,1]
			],
			"distCoef": [-0.319142,0.0562943,-0.000819917,0.000917149,0.0540143],
			"R": [
				[0.9680792424,0.02856625033,-0.2490111439],
				[-0.04880404945,0.9959522125,-0.0754808267],
				[0.2458469955,0.08522417371,0.965554812]
			],
			"t": [
				[-49.73322909],
				[142.7355424],
				[288.2857244]
			],
			"panel": 1,
			"node": 1
		},
		{
			"name": "01_02",
			"type": "vga",
			"resolution": [640,480],
			"K": [
				[745.478,0,368.991],
				[0,745.873,226.521],
				[0,0,1]
			],
			"distCoef": [-0.333584,0.131474,-0.000923621,0.000204891,-0.0495798],
			"R": [
				[0.9776629603,-0.0171559985,-0.2094774638],
				[0.007509628512,0.998877992,-0.04675855584],
				[0.2100446181,0.04414101019,0.9766948498]
			],
			"t": [
				[-64.18295724],
				[141.4067053],
				[284.2669748]
			],
			"panel": 1,
			"node": 2
		},
		{
			"name": "01_03",
			"type": "vga",
			"resolution": [640,480],
			"K": [
				[746.637,0,378.346],
				[0,747.045,239.486],
				[0,0,1]
			],
			"distCoef": [-0.326879,0.0855172,-0.00106893,0.00108704,0.0306507],
			"R": [
				[0.9730584353,0.05571345381,-0.2237259316],
				[-0.06700880128,0.9968162504,-0.04321091943],
				[0.2206062147,0.05703835614,0.9736937527]
			],
			"t": [
				[-52.48739409],
				[120.873605],
				[286.044013]
			],
			"panel": 1,
			"node": 3
		},
		{
			"name": "01_04",
			"type": "vga",
			"resolution": [640,480],
			"K": [
				[747.83,0,366.819],
				[0,748.126,233.741],
				[0,0,1]
			],
			"distCoef": [-0.319677,0.0403261,-0.000896655,-0.000745734,0.100199],
			"R": [
				[0.9722365935,0.08567801308,-0.2177505093],
				[-0.1084701345,0.9895547518,-0.09495063502],
				[0.2073408694,0.115933909,0.9713748466]
			],
			"t": [
				[-27.3809873],
				[96.21011364],
				[293.0011915]
			],
			"panel": 1,
			"node": 4
		},
		{
			"name": "01_05",
			"type": "vga",
			"resolution": [640,480],
			"K": [
				[743.092,0,353.335],
				[0,743.441,209.72],
				[0,0,1]
			],
			"distCoef": [-0.310985,0.00912379,-0.00026627,-0.000679139,0.104987],
			"R": [
				[0.9775184846,0.05072859799,-0.20465635],
				[-0.07014757183,0.9935788384,-0.08877167329],
				[0.198838956,0.1011320976,0.9748001684]
			],
			"t": [
				[-25.03277378],
				[77.52386873],
				[291.0727928]
			],
			"panel": 1,
			"node": 5
		},
		{
			"name": "01_06",
			"type": "vga",
			"resolution": [640,480],
			"K": [
				[743.859,0,373.692],
				[0,744.168,240.727],
				[0,0,1]
			],
			"distCoef": [-0.316582,0.0266112,0.0012616,-0.000254102,0.115521],
			"R": [
				[0.9733526994,0.07482227729,-0.2167628875],
				[-0.09211915625,0.9932270869,-0.07080970857],
				[0.2099966276,0.08889083527,0.9736528312]
			],
			"t": [
				[-6.07118067],
				[73.52723453],
				[289.9097361]
			],
			"panel": 1,
			"node": 6
		},
		{
			"name": "01_07",
			"type": "vga",
			"resolution": [640,480],
			"K": [
				[747.879,0,380.474],
				[0,748.256,229.253],
				[0,0,1]
			],
			"distCoef": [-0.326046,0.0848617,-0.000513214,0.00108829,0.0294007],
			"R": [
				[0.9730310358,-0.02970061199,-0.2287541847],
				[0.01894578027,0.998615703,-0.0490686775],
				[0.2298948908,0.04341141957,0.9722467731]
			],
			"t": [
				[-3.105527786],
				[99.43167184],
				[285.6790949]
			],
			"panel": 1,
			"node": 7
		},
		{
			"name": "01_08",
			"type": "vga",
			"resolution": [640,480],
			"K": [
				[745.37,0,363.156],
				[0,745.806,217.098],
				[0,0,1]
			],
			"distCoef": [-0.320173,0.0496297,-0.000525009,-0.00136729,0.0704665],
			"R": [
				[0.970633983,0.06448381813,-0.2317574341],
				[-0.07663612475,0.9960961263,-0.04381108892],
				[0.228027576,0.06028552336,0.9717865405]
			],
			"t": [
				[26.87886879],
				[87.18278187],
				[287.8687228]
			],
			"panel": 1,
			"node": 8
		},
		{
			"name": "01_09",
			"type": "vga",
			"resolution": [640,480],
			"K": [
				[745.971,0,339.587],
				[0,746.284,236.231],
				[0,0,1]
			],
			"distCoef": [-0.307347,-0.0124053,0.000654825,-0.000144628,0.179594],
			"R": [
				[0.9704283142,0.07233498281,-0.2302966289],
				[-0.0883209337,0.9942914056,-0.05986662997],
				[0.2246515072,0.07843628609,0.9712772258]
			],
			"t": [
				[45.28923991],
				[94.9656828],
				[289.3614997]
			],
			"panel": 1,
			"node": 9
		},
		{
			"name": "01_10",
			"type": "vga",
			"resolution": [640,480],
			"K": [
				[748.224,0,378.712],
				[0,748.687,228.043],
				[0,0,1]
			],
			"distCoef": [-0.346978,0.198767,-0.00118248,0.000502745,-0.143901],
			"R": [
				[0.9720627851,-0.001719299334,-0.2347146901],
				[-0.00835421167,0.9990861667,-0.04191704593],
				[0.2345722679,0.04270685662,0.9711601184]
			],
			"t": [
				[30.96619717],
				[129.7749597],
				[285.3844583]
			],
			"panel": 1,
			"node": 10
		},
		{
			"name": "01_11",
			"type": "vga",
			"resolution": [640,480],
			"K": [
				[746.219,0,364.982],
				[0,746.219,223.627],
				[0,0,1]
			],
			"distCoef": [-0.331875,0.107312,2.28773e-05,0.00114293,0.00404245],
			"R": [
				[0.9902055341,-0.0134456727,-0.1389683926],
				[0.006153072233,0.9985875411,-0.05277369138],
				[0.1394816832,0.0514017187,0.9888896417]
			],
			"t": [
				[71.82479564],
				[142.8146752],
				[280.5310343]
			],
			"panel": 1,
			"node": 11
		},
		{
			"name": "01_12",
			"type": "vga",
			"resolution": [640,480],
			"K": [
				[745.509,0,359.697],
				[0,745.767,227.011],
				[0,0,1]
			],
			"distCoef": [-0.32799,0.116234,-0.000907018,-0.00186423,-0.0569824],
			"R": [
				[0.9647654503,0.08475810566,-0.249085707],
				[-0.09641183608,0.9947280112,-0.03494197512],
				[0.2448109143,0.05772562071,0.9678509022]
			],
			"t": [
				[55.04639535],
				[156.9682908],
				[287.5433104]
			],
			"panel": 1,
			"node": 12
		},
		{
			"name": "01_13",
			"type": "vga",
			"resolution": [640,480],
			"K": [
				[744.702,0,340.13],
				[0,745.017,216.632],
				[0,0,1]
			],
			"distCoef": [-0.318519,0.0404631,-0.00040264,-0.00108098,0.0849487],
			"R": [
				[0.9776183976,-0.06270608262,-0.2008238427],
				[0.0410919971,0.9930768053,-0.1100450202],
				[0.2063339923,0.09932978359,0.9734268733]
			],
			"t": [
				[21.30066549],
				[153.4395849],
				[292.4338248]
			],
			"panel": 1,
			"node": 13
		},
		{
			"name": "01_14",
			"type": "vga",
			"resolution": [640,480],
			"K": [
				[746.336,0,363.411],
				[0,746.928,235.88],
				[0,0,1]
			],
			"distCoef": [-0.329817,0.109195,-0.000870069,0.000169445,-0.0147964],
			"R": [
				[0.9705302974,0.006569028593,-0.2408895798],
				[-0.02320604629,0.9975302889,-0.06629330348],
				[0.2398591695,0.06992975429,0.9682858092]
			],
			"t": [
				[20.39207802],
				[181.0709282],
				[288.6369153]
			],
			"panel": 1,
			"node": 14
		},
		{
			"name": "01_15",
			"type": "vga",
			"resolution": [640,480],
			"K": [
				[745.294,0,366.861],
				[0,745.748,216.819],
				[0,0,1]
			],
			"distCoef": [-0.316611,0.0404081,-0.00175444,-0.0009116,0.0742759],
			"R": [
				[0.9666037919,0.03523913234,-0.2538411176],
				[-0.0600260066,0.9940792765,-0.09057190825],
				[0.2491465191,0.1027842186,0.9629960625]
			],
			"t": [
				[1.837525331],
				[173.093054],
				[293.887814]
			],
			"panel": 1,
			"node": 15
		},
		{
			"name": "01_16",
			"type": "vga",
			"resolution": [640,480],
			"K": [
				[747.779,0,372.115],
				[0,748.174,231.519],
				[0,0,1]
			],
			"distCoef": [-0.346789,0.203628,0.000404105,0.000340204,-0.157381],
			"R": [
				[0.9739230858,0.05611930619,-0.2198282202],
				[-0.07067862482,0.995756924,-0.05892945258],
				[0.2155883924,0.0729299106,0.9737570915]
			],
			"t": [
				[-2.398209422],
				[171.5105492],
				[288.2873266]
			],
			"panel": 1,
			"node": 16
		},
		{
			"name": "01_17",
			"type": "vga",
			"resolution": [640,480],
			"K": [
				[748.325,0,373.685],
				[0,748.863,234.439],
				[0,0,1]
			],
			"distCoef": [-0.34428,0.186937,-0.00153857,0.00209823,-0.102777],
			"R": [
				[0.9706189019,0.02466867032,-0.2393541394],
				[-0.04356913919,0.996306268,-0.07399696206],
				[0.2366446227,0.08225130387,0.9681084885]
			],
			"t": [
				[-34.2853025],
				[172.4021164],
				[289.1317524]
			],
			"panel": 1,
			"node": 17
		},
		{
			"name": "01_18",
			"type": "vga",
			"resolution": [640,480],
			"K": [
				[744.169,0,363.384],
				[0,744.631,237.483],
				[0,0,1]
			],
			"distCoef": [-0.316517,0.0409782,-0.00144702,-0.000858766,0.0829301],
			"R": [
				[0.9596668265,0.06028634258,-0.2745999618],
				[-0.07226312317,0.9968160938,-0.03370038914],
				[0.271693988,0.05218459636,0.9609678167]
			],
			"t": [
				[-56.48715776],
				[174.7386659],
				[281.0233444]
			],
			"panel": 1,
			"node": 18
		},
		{
			"name": "01_19",
			"type": "vga",
			"resolution": [640,480],
			"K": [
				[743.397,0,364.143],
				[0,743.794,220.506],
				[0,0,1]
			],
			"distCoef": [-0.307749,-0.018758,-0.000971475,-0.000429434,0.188242],
			"R": [
				[0.9739250299,0.05279667794,-0.2206412177],
				[-0.06482041941,0.9967605854,-0.04760933343],
				[0.2174128546,0.06066997775,0.9741923857]
			],
			"t": [
				[-17.96880543],
				[143.8638808],
				[286.5312935]
			],
			"panel": 1,
			"node": 19
		},
		{
			"name": "01_20",
			"type": "vga",
			"resolution": [640,480],
			"K": [
				[744.492,0,343.912],
				[0,744.98,245.445],
				[0,0,1]
			],
			"distCoef": [-0.315169,0.0200136,0.000860349,-0.000966524,0.119767],
			"R": [
				[0.9771208578,0.03472907057,-0.2098302194],
				[-0.04309307804,0.9984429995,-0.0354198171],
				[0.2082734163,0.04365167209,0.9770960626]
			],
			"t": [
				[-13.73624919],
				[127.3615161],
				[284.887896]
			],
			"panel": 1,
			"node": 20
		},
		{
			"name": "01_21",
			"type": "vga",
			"resolution": [640,480],
			"K": [
				[742.33,0,366.045],
				[0,742.617,221.417],
				[0,0,1]
			],
			"distCoef": [-0.294537,-0.110167,-0.00111839,-8.05727e-05,0.365511],
			"R": [
				[0.9707823917,0.04005148627,-0.2365954912],
				[-0.04837203284,0.9983946615,-0.02946602077],
				[0.2350355174,0.04004969898,0.9711613291]
			],
			"t": [
				[-0.8968947699],
				[121.8501008],
				[284.582209]
			],
			"panel": 1,
			"node": 21
		},
		{
			"name": "01_22",
			"type": "vga",
			"resolution": [640,480],
			"K": [
				[744.103,0,362.9],
				[0,744.588,227.082],
				[0,0,1]
			],
			"distCoef": [-0.320782,0.0532519,-0.00115098,-0.000660329,0.076102],
			"R": [
				[0.9689096219,-0.007625092873,-0.2472973971],
				[-0.003016057136,0.9990866989,-0.04262242859],
				[0.2473965401,0.04204314425,0.968001718]
			],
			"t": [
				[5.627151908],
				[134.6603022],
				[284.8642973]
			],
			"panel": 1,
			"node": 22
		},
		{
			"name": "01_23",
			"type": "vga",
			"resolution": [640,480],
			"K": [
				[745.135,0,358.203],
				[0,745.438,224.655],
				[0,0,1]
			],
			"distCoef": [-0.311186,-0.00836661,-0.000926244,0.000577517,0.193746],
			"R": [
				[0.9626796132,0.01275295925,-0.2703429754],
				[-0.03639535887,0.9959161789,-0.08262168278],
				[0.2681852721,0.08937743923,0.9592123504]
			],
			"t": [
				[-1.385467352],
				[141.9511357],
				[291.1051867]
			],
			"panel": 1,
			"node": 23
		},
		{
			"name": "01_24",
			"type": "vga",
			"resolution": [640,480],
			"K": [
				[744.957,0,369.489],
				[0,745.259,244.345],
				[0,0,1]
			],
			"distCoef": [-0.31671,0.0262466,-4.07958e-05,-0.000261449,0.114495],
			"R": [
				[0.9685773498,0.05363122322,-0.2428612966],
				[-0.07330216855,0.9946570371,-0.07269230136],
				[0.2376651207,0.0882103763,0.9673335619]
			],
			"t": [
				[-6.477541724],
				[146.9859647],
				[290.5188189]
			],
			"panel": 1,
			"node": 24
		},
		{
			"name": "02_01",
			"type": "vga",
			"resolution": [640,480],
			"K": [
				[746.942,0,375.571],
				[0,747.361,234.512],
				[0,0,1]
			],
			"distCoef": [-0.310892,-0.00676423,-0.000225764,-0.000267249,0.169205],
			"R": [
				[0.9716811819,0.04768361948,0.2314345546],
				[0.007296021502,0.9729061674,-0.2310851738],
				[-0.2361830831,0.2262296663,0.9450067139]
			],
			"t": [
				[2.442588949],
				[173.7494831],
				[309.2016445]
			],
			"panel": 2,
			"node": 1
		},
		{
			"name": "02_02",
			"type": "vga",
			"resolution": [640,480],
			"K": [
				[747.982,0,367.171],
				[0,748.41,212.158],
				[0,0,1]
			],
			"distCoef": [-0.331236,0.100829,0.000497352,-0.000439804,-0.00513531],
			"R": [
				[0.9761702729,-0.05704806472,0.2093731514],
				[0.09809029925,0.9766321829,-0.1912272798],
				[-0.1935714116,0.207207861,0.9589551663]
			],
			"t": [
				[-46.79464881],
				[189.5401106],
				[304.2861576]
			],
			"panel": 2,
			"node": 2
		},
		{
			"name": "02_03",
			"type": "vga",
			"resolution": [640,480],
			"K": [
				[745.959,0,353.968],
				[0,746.459,252.443],
				[0,0,1]
			],
			"distCoef": [-0.323773,0.0455242,-0.00117519,-0.00136773,0.0935424],
			"R": [
				[0.9705823833,0.1275958853,0.204179155],
				[-0.06939336476,0.9602894739,-0.2702382045],
				[-0.2305523763,0.248119762,0.940894354]
			],
			"t": [
				[-19.08116897],
				[167.8910002],
				[313.1419996]
			],
			"panel": 2,
			"node": 3
		},
		{
			"name": "02_04",
			"type": "vga",
			"resolution": [640,480],
			"K": [
				[746.181,0,381.459],
				[0,746.674,225.093],
				[0,0,1]
			],
			"distCoef": [-0.32245,0.0593409,-0.00104323,0.000488007,0.0602316],
			"R": [
				[0.9738776409,0.07506783688,0.2143062304],
				[-0.02038296304,0.9688647752,-0.2467500401],
				[-0.2261567495,0.235936151,0.9450858465]
			],
			"t": [
				[-28.37643633],
				[149.6606376],
				[310.953779]
			],
			"panel": 2,
			"node": 4
		},
		{
			"name": "02_05",
			"type": "vga",
			"resolution": [640,480],
			"K": [
				[744.024,0,378.154],
				[0,744.261,244.383],
				[0,0,1]
			],
			"distCoef": [-0.31654,0.0164276,-0.000303456,-0.00100106,0.125904],
			"R": [
				[0.9808019855,0.05765024375,0.1862898671],
				[-0.009270867748,0.9680064568,-0.2507539643],
				[-0.1947858214,0.2442129173,0.9499571226]
			],
			"t": [
				[-57.74787992],
				[134.7264798],
				[310.2214161]
			],
			"panel": 2,
			"node": 5
		},
		{
			"name": "02_06",
			"type": "vga",
			"resolution": [640,480],
			"K": [
				[743.804,0,352.473],
				[0,744.129,228.871],
				[0,0,1]
			],
			"distCoef": [-0.30002,-0.058164,-0.000788386,3.64718e-05,0.250882],
			"R": [
				[0.9757280861,0.06290156378,0.2097572293],
				[-0.003533721138,0.9622563742,-0.2721216328],
				[-0.2189571072,0.2647754964,0.939122847]
			],
			"t": [
				[-49.08538585],
				[106.2038738],
				[314.0328095]
			],
			"panel": 2,
			"node": 6
		},
		{
			"name": "02_07",
			"type": "vga",
			"resolution": [640,480],
			"K": [
				[746.304,0,375.375],
				[0,746.586,217.273],
				[0,0,1]
			],
			"distCoef": [-0.318577,0.0498657,-0.000782391,0.000378456,0.0705909],
			"R": [
				[0.9717946756,0.09770412808,0.2146369302],
				[-0.04521764239,0.9704502103,-0.2370269061],
				[-0.2314529613,0.2206361094,0.9474962976]
			],
			"t": [
				[-22.61453083],
				[110.4659513],
				[309.6448154]
			],
			"panel": 2,
			"node": 7
		},
		{
			"name": "02_08",
			"type": "vga",
			"resolution": [640,480],
			"K": [
				[746.717,0,346.914],
				[0,747.131,231.115],
				[0,0,1]
			],
			"distCoef": [-0.324936,0.0715809,0.000732873,-0.0016128,0.0488063],
			"R": [
				[0.9671666735,0.04523274132,0.2500852349],
				[0.01093966273,0.9757120257,-0.2187838355],
				[-0.2539073638,0.2143362825,0.9431813233]
			],
			"t": [
				[-18.37480526],
				[89.32055703],
				[310.3487678]
			],
			"panel": 2,
			"node": 8
		},
		{
			"name": "02_09",
			"type": "vga",
			"resolution": [640,480],
			"K": [
				[746.334,0,344.617],
				[0,746.773,222.878],
				[0,0,1]
			],
			"distCoef": [-0.312776,0.00637762,0.000197772,0.000410058,0.155957],
			"R": [
				[0.9642278523,0.02558237999,0.2638374324],
				[0.02157041796,0.9844585081,-0.1742875868],
				[-0.2641956964,0.1737440292,0.9486904903]
			],
			"t": [
				[2.512217204],
				[93.22340864],
				[306.2272353]
			],
			"panel": 2,
			"node": 9
		},
		{
			"name": "02_10",
			"type": "vga",
			"resolution": [640,480],
			"K": [
				[743.988,0,345.278],
				[0,744.304,232.257],
				[0,0,1]
			],
			"distCoef": [-0.305676,-0.0351062,0.00027085,-0.000336549,0.190938],
			"R": [
				[0.9791261339,0.04788374912,0.1975326822],
				[-0.003274343221,0.9754433165,-0.2202262812],
				[-0.2032271947,0.2149825175,0.9552388311]
			],
			"t": [
				[4.07758977],
				[93.91229711],
				[309.4048201]
			],
			"panel": 2,
			"node": 10
		},
		{
			"name": "02_11",
			"type": "vga",
			"resolution": [640,480],
			"K": [
				[748.811,0,373.679],
				[0,749.24,221.591],
				[0,0,1]
			],
			"distCoef": [-0.321599,0.0339943,0.000622198,0.00043946,0.127221],
			"R": [
				[0.9710805069,-0.04000454149,0.2353769016],
				[0.08933529551,0.975129776,-0.202832751],
				[-0.2214087941,0.2179943957,0.9505033347]
			],
			"t": [
				[21.31093189],
				[86.33185896],
				[309.8188261]
			],
			"panel": 2,
			"node": 11
		},
		{
			"name": "02_12",
			"type": "vga",
			"resolution": [640,480],
			"K": [
				[746.339,0,387.038],
				[0,746.567,224.422],
				[0,0,1]
			],
			"distCoef": [-0.322868,0.0463598,-0.000352085,-0.000299484,0.10118],
			"R": [
				[0.9722303148,-0.05339970777,0.2278523342],
				[0.09956767313,0.9754892983,-0.1962317695],
				[-0.2117887945,0.2134692018,0.9537171522]
			],
			"t": [
				[34.37081675],
				[100.6644758],
				[309.6243962]
			],
			"panel": 2,
			"node": 12
		},
		{
			"name": "02_13",
			"type": "vga",
			"resolution": [640,480],
			"K": [
				[746.677,0,387.162],
				[0,746.85,242.988],
				[0,0,1]
			],
			"distCoef": [-0.321063,0.0421484,0.000448619,-0.000124949,0.0960467],
			"R": [
				[0.976262207,0.07227870459,0.2041761298],
				[-0.02814577905,0.9770185173,-0.2112880309],
				[-0.2147554848,0.2005258231,0.9558605944]
			],
			"t": [
				[42.53121823],
				[119.8693931],
				[307.0291946]
			],
			"panel": 2,
			"node": 13
		},
		{
			"name": "02_14",
			"type": "vga",
			"resolution": [640,480],
			"K": [
				[745.438,0,358.469],
				[0,745.405,222.034],
				[0,0,1]
			],
			"distCoef": [-0.31437,-0.00300101,0.000354848,0.000296103,0.186975],
			"R": [
				[0.957840463,-0.01378056238,0.2869699348],
				[0.07121567838,0.9790644046,-0.1906861786],
				[-0.2783342856,0.2030836962,0.9387688948]
			],
			"t": [
				[67.75661457],
				[135.1930609],
				[303.2986483]
			],
			"panel": 2,
			"node": 14
		},
		{
			"name": "02_15",
			"type": "vga",
			"resolution": [640,480],
			"K": [
				[746.367,0,376.755],
				[0,746.388,234.328],
				[0,0,1]
			],
			"distCoef": [-0.328608,0.0872017,0.000425248,0.00108969,0.0317513],
			"R": [
				[0.96919164,-0.03090641792,0.2443611225],
				[0.08591544264,0.9722052003,-0.2177971192],
				[-0.2308378253,0.2320815412,0.9449084912]
			],
			"t": [
				[43.8323873],
				[145.0523552],
				[309.8999072]
			],
			"panel": 2,
			"node": 15
		},
		{
			"name": "02_16",
			"type": "vga",
			"resolution": [640,480],
			"K": [
				[748.218,0,368.935],
				[0,748.349,212.679],
				[0,0,1]
			],
			"distCoef": [-0.331372,0.107861,-0.00137592,0.000258617,-0.0107527],
			"R": [
				[0.9787220565,0.01197257754,0.2048408979],
				[0.03703903454,0.9715888929,-0.2337587069],
				[-0.2018198355,0.2363719115,0.9504720267]
			],
			"t": [
				[24.71894661],
				[152.6058327],
				[311.7372028]
			],
			"panel": 2,
			"node": 16
		},
		{
			"name": "02_17",
			"type": "vga",
			"resolution": [640,480],
			"K": [
				[743.606,0,372.845],
				[0,744.229,259.474],
				[0,0,1]
			],
			"distCoef": [-0.299411,-0.0732684,-0.000400417,-0.000593036,0.271826],
			"R": [
				[0.9653338932,0.05311729495,0.25555631],
				[0.00219568133,0.9773877245,-0.2114436449],
				[-0.2610089147,0.2046748371,0.9433888686]
			],
			"t": [
				[42.1928544],
				[180.8367679],
				[304.2786964]
			],
			"panel": 2,
			"node": 17
		},
		{
			"name": "02_18",
			"type": "vga",
			"resolution": [640,480],
			"K": [
				[746.289,0,381.489],
				[0,747.056,215.001],
				[0,0,1]
			],
			"distCoef": [-0.303225,-0.0263793,-0.00172153,-0.00104976,0.168984],
			"R": [
				[0.9700989606,0.01079030673,0.2424697424],
				[0.02636430848,0.9884151244,-0.1494672707],
				[-0.2412735583,0.1513905911,0.9585760059]
			],
			"t": [
				[11.98107862],
				[211.3459114],
				[293.6128651]
			],
			"panel": 2,
			"node": 18
		},
		{
			"name": "02_19",
			"type": "vga",
			"resolution": [640,480],
			"K": [
				[744.971,0,379.45],
				[0,745.254,233.467],
				[0,0,1]
			],
			"distCoef": [-0.310814,0.0106511,-0.000303345,8.02808e-05,0.130908],
			"R": [
				[0.975521683,0.05635977166,0.2125582796],
				[-0.008557181524,0.9755960199,-0.2194064277],
				[-0.2197367077,0.2122168278,0.9521973521]
			],
			"t": [
				[2.193352835],
				[157.9949767],
				[307.2334716]
			],
			"panel": 2,
			"node": 19
		},
		{
			"name": "02_20",
			"type": "vga",
			"resolution": [640,480],
			"K": [
				[746.224,0,392.212],
				[0,746.606,228.126],
				[0,0,1]
			],
			"distCoef": [-0.316275,0.038815,-0.000305041,0.00111635,0.0944906],
			"R": [
				[0.9773039541,0.03053399534,0.209629808],
				[0.02196527307,0.9696183366,-0.2436345789],
				[-0.2107000429,0.2427096133,0.9469411468]
			],
			"t": [
				[-21.2292297],
				[135.6843522],
				[311.7518764]
			],
			"panel": 2,
			"node": 20
		},
		{
			"name": "02_21",
			"type": "vga",
			"resolution": [640,480],
			"K": [
				[747.065,0,357.869],
				[0,747.34,238.593],
				[0,0,1]
			],
			"distCoef": [-0.326114,0.0874396,0.000186964,0.000209485,0.0138998],
			"R": [
				[0.9727011,0.09034142356,0.2137545256],
				[-0.03488203924,0.967565526,-0.2502003124],
				[-0.2294249623,0.2359139253,0.9443033445]
			],
			"t": [
				[-5.880489598],
				[117.177989],
				[311.0874831]
			],
			"panel": 2,
			"node": 21
		},
		{
			"name": "02_22",
			"type": "vga",
			"resolution": [640,480],
			"K": [
				[745.804,0,374.15],
				[0,746.158,247.848],
				[0,0,1]
			],
			"distCoef": [-0.315869,0.0389995,0.000527173,-0.00107985,0.0880966],
			"R": [
				[0.9795174756,0.07808068419,0.1856042072],
				[-0.0315069503,0.9698350322,-0.2417174434],
				[-0.1988789256,0.2309186374,0.9524304467]
			],
			"t": [
				[2.208853609],
				[109.5120904],
				[310.5287226]
			],
			"panel": 2,
			"node": 22
		},
		{
			"name": "02_23",
			"type": "vga",
			"resolution": [640,480],
			"K": [
				[744.852,0,374.964],
				[0,745.132,237.104],
				[0,0,1]
			],
			"distCoef": [-0.326323,0.0676539,0.000211176,0.000146211,0.0575327],
			"R": [
				[0.9746902731,0.00647155387,0.22346586],
				[0.04796627468,0.9702483915,-0.237312653],
				[-0.2183531729,0.2420251594,0.9453812533]
			],
			"t": [
				[17.34180561],
				[118.1302812],
				[311.9677991]
			],
			"panel": 2,
			"node": 23
		},
		{
			"name": "02_24",
			"type": "vga",
			"resolution": [640,480],
			"K": [
				[747.929,0,365.071],
				[0,748.438,237.198],
				[0,0,1]
			],
			"distCoef": [-0.332793,0.126068,-0.000395994,-0.000861071,-0.0607438],
			"R": [
				[0.9813783434,-0.01944690827,0.1910977889],
				[0.06385859905,0.9713059041,-0.2291002402],
				[-0.1811591192,0.2370372513,0.9544604314]
			],
			"t": [
				[-2.184275613],
				[139.7835042],
				[311.4868201]
			],
			"panel": 2,
			"node": 24
		},
		{
			"name": "03_01",
			"type": "vga",
			"resolution": [640,480],
			"K": [
				[745.787,0,365.013],
				[0,746.189,223.037],
				[0,0,1]
			],
			"distCoef": [-0.325552,0.0754087,-0.000748059,0.000428479,0.0451091],
			"R": [
				[0.8038742833,0.1465034146,-0.5764745322],
				[-0.3213736789,0.9225250602,-0.2136971498],
				[0.5005048404,0.3570493843,0.7886765129]
			],
			"t": [
				[-16.08699151],
				[105.6639353],
				[326.0758203]
			],
			"panel": 3,
			"node": 1
		},
		{
			"name": "03_02",
			"type": "vga",
			"resolution": [640,480],
			"K": [
				[746.927,0,368.743],
				[0,747.108,218.169],
				[0,0,1]
			],
			"distCoef": [-0.316856,0.0381291,-0.000136041,0.00107231,0.078166],
			"R": [
				[0.7995366649,0.1226496018,-0.5879610502],
				[-0.3377133211,0.9013264518,-0.2712200952],
				[0.4966798105,0.4154126893,0.7620639497]
			],
			"t": [
				[-26.50667652],
				[63.95602363],
				[330.8728428]
			],
			"panel": 3,
			"node": 2
		},
		{
			"name": "03_03",
			"type": "vga",
			"resolution": [640,480],
			"K": [
				[748.674,0,351.371],
				[0,748.833,213.127],
				[0,0,1]
			],
			"distCoef": [-0.327203,0.0730147,-0.000228508,-2.86482e-05,0.0490241],
			"R": [
				[0.8208931117,0.06142133801,-0.5677692474],
				[-0.2586188741,0.9263934881,-0.2736994395],
				[0.5091667478,0.3715138281,0.7763547504]
			],
			"t": [
				[-9.95103898],
				[71.88145727],
				[327.8604536]
			],
			"panel": 3,
			"node": 3
		},
		{
			"name": "03_04",
			"type": "vga",
			"resolution": [640,480],
			"K": [
				[745.676,0,378.496],
				[0,745.689,213.429],
				[0,0,1]
			],
			"distCoef": [-0.331113,0.0712577,-0.000250764,0.0017337,0.0940172],
			"R": [
				[0.8523742891,-0.03665917537,-0.5216456424],
				[-0.1847202367,0.9121238315,-0.3659351721],
				[0.4892203036,0.4082722387,0.7706992108]
			],
			"t": [
				[2.332207728],
				[72.67465625],
				[331.1055665]
			],
			"panel": 3,
			"node": 4
		},
		{
			"name": "03_05",
			"type": "vga",
			"resolution": [640,480],
			"K": [
				[746.975,0,378.174],
				[0,747.377,251.777],
				[0,0,1]
			],
			"distCoef": [-0.331674,0.094376,0.0013574,-9.55294e-05,0.0304082],
			"R": [
				[0.8721070374,-0.05568879046,-0.4861358596],
				[-0.1669088612,0.9000603943,-0.4025328791],
				[0.4599682026,0.4321921393,0.7756540513]
			],
			"t": [
				[30.91189301],
				[59.90909515],
				[331.8770266]
			],
			"panel": 3,
			"node": 5
		},
		{
			"name": "03_06",
			"type": "vga",
			"resolution": [640,480],
			"K": [
				[745.328,0,378.737],
				[0,745.406,240.58],
				[0,0,1]
			],
			"distCoef": [-0.313779,0.00962461,-0.00101316,-0.00028114,0.141419],
			"R": [
				[0.8881327468,-0.06553098334,-0.4548911015],
				[-0.1058496245,0.9340071186,-0.3412133633],
				[0.4472315743,0.3511928139,0.8225858778]
			],
			"t": [
				[52.54811156],
				[106.570404],
				[322.6689413]
			],
			"panel": 3,
			"node": 6
		},
		{
			"name": "03_07",
			"type": "vga",
			"resolution": [640,480],
			"K": [
				[745.414,0,395.194],
				[0,746.026,230.35],
				[0,0,1]
			],
			"distCoef": [-0.324587,0.0767709,0.000622458,0.000659229,0.0339308],
			"R": [
				[0.8634342108,-0.03817119041,-0.5030152323],
				[-0.1432760403,0.9375142695,-0.3170788085],
				[0.4836872336,0.3458467214,0.8040128763]
			],
			"t": [
				[38.91949055],
				[126.4629599],
				[323.5617599]
			],
			"panel": 3,
			"node": 7
		},
		{
			"name": "03_08",
			"type": "vga",
			"resolution": [640,480],
			"K": [
				[745.229,0,375.601],
				[0,745.476,234.26],
				[0,0,1]
			],
			"distCoef": [-0.316462,0.0226522,-0.000264159,-0.00133066,0.114944],
			"R": [
				[0.8750728175,-0.08715782561,-0.4760788564],
				[-0.1152579284,0.9178255428,-0.3798840388],
				[0.4700672016,0.3872980588,0.7931185533]
			],
			"t": [
				[48.14778385],
				[131.6801817],
				[328.2666129]
			],
			"panel": 3,
			"node": 8
		},
		{
			"name": "03_09",
			"type": "vga",
			"resolution": [640,480],
			"K": [
				[746.205,0,389.113],
				[0,746.323,219.198],
				[0,0,1]
			],
			"distCoef": [-0.32078,0.0482797,0.000405212,0.00107731,0.0961454],
			"R": [
				[0.8729652808,-0.163864838,-0.4594343624],
				[-0.05715362961,0.9010344094,-0.4299656448],
				[0.4844224201,0.4016034212,0.777206286]
			],
			"t": [
				[22.94405463],
				[148.164832],
				[331.7678707]
			],
			"panel": 3,
			"node": 9
		},
		{
			"name": "03_10",
			"type": "vga",
			"resolution": [640,480],
			"K": [
				[745.342,0,374.964],
				[0,745.615,231.35],
				[0,0,1]
			],
			"distCoef": [-0.31726,0.0288776,0.000290034,0.000367765,0.110672],
			"R": [
				[0.8557194457,-0.1069720938,-0.506261989],
				[-0.1478683414,0.8870425556,-0.4373676464],
				[0.4958620614,0.4491241206,0.7432417779]
			],
			"t": [
				[4.704531823],
				[131.097521],
				[340.2426335]
			],
			"panel": 3,
			"node": 10
		},
		{
			"name": "03_11",
			"type": "vga",
			"resolution": [640,480],
			"K": [
				[746.382,0,370.329],
				[0,746.723,238.404],
				[0,0,1]
			],
			"distCoef": [-0.322287,0.0621725,0.000765198,-0.00148247,0.0603523],
			"R": [
				[0.8607338275,-0.06419527773,-0.5049913311],
				[-0.1575585384,0.9097086275,-0.3841946383],
				[0.4840584522,0.4102550175,0.7729024747]
			],
			"t": [
				[10.13844849],
				[166.0831705],
				[334.127656]
			],
			"panel": 3,
			"node": 11
		},
		{
			"name": "03_12",
			"type": "vga",
			"resolution": [640,480],
			"K": [
				[745.634,0,373.428],
				[0,745.677,241.948],
				[0,0,1]
			],
			"distCoef": [-0.314641,0.0243683,0.00129485,0.00015007,0.128561],
			"R": [
				[0.8047389372,0.01409020354,-0.5934616323],
				[-0.268763154,0.9000362108,-0.3430760649],
				[0.5293029472,0.435587288,0.7280811113]
			],
			"t": [
				[-11.96894333],
				[163.0879625],
				[338.7623494]
			],
			"panel": 3,
			"node": 12
		},
		{
			"name": "03_13",
			"type": "vga",
			"resolution": [640,480],
			"K": [
				[746.679,0,357.687],
				[0,747.09,222.161],
				[0,0,1]
			],
			"distCoef": [-0.313154,0.00297882,-0.00100305,-0.000236006,0.125531],
			"R": [
				[0.7963803719,0.002853056183,-0.6047893545],
				[-0.2499174402,0.9121708127,-0.3247855934],
				[0.5507445654,0.4098002789,0.7271479595]
			],
			"t": [
				[-31.04613682],
				[155.7526932],
				[332.2045461]
			],
			"panel": 3,
			"node": 13
		},
		{
			"name": "03_14",
			"type": "vga",
			"resolution": [640,480],
			"K": [
				[744.667,0,368.061],
				[0,745.045,234.341],
				[0,0,1]
			],
			"distCoef": [-0.317041,0.038206,0.000293446,0.000417791,0.0834151],
			"R": [
				[0.7803792272,0.08710136109,-0.6192104769],
				[-0.3030798418,0.9188455445,-0.2527161942],
				[0.5469468633,0.3848846817,0.7434466427]
			],
			"t": [
				[-31.34918871],
				[176.4895795],
				[326.7807194]
			],
			"panel": 3,
			"node": 14
		},
		{
			"name": "03_15",
			"type": "vga",
			"resolution": [640,480],
			"K": [
				[747.9,0,381.002],
				[0,747.98,236.96],
				[0,0,1]
			],
			"distCoef": [-0.331697,0.128393,0.000243799,0.000820805,-0.0387611],
			"R": [
				[0.8558241043,0.09515574562,-0.5084392653],
				[-0.2622625172,0.9270496067,-0.2679503662],
				[0.4458514041,0.3626629438,0.8183471847]
			],
			"t": [
				[-9.309159552],
				[162.7240587],
				[327.4598286]
			],
			"panel": 3,
			"node": 15
		},
		{
			"name": "03_16",
			"type": "vga",
			"resolution": [640,480],
			"K": [
				[745.385,0,370.986],
				[0,745.657,217.071],
				[0,0,1]
			],
			"distCoef": [-0.317641,0.0343263,-0.00118795,0.000308199,0.0937105],
			"R": [
				[0.7918508584,0.0809344708,-0.6053278695],
				[-0.2763335223,0.9313935638,-0.2369510787],
				[0.5446209715,0.3549022974,0.7598897004]
			],
			"t": [
				[-42.24565409],
				[148.9065167],
				[322.0113233]
			],
			"panel": 3,
			"node": 16
		},
		{
			"name": "03_17",
			"type": "vga",
			"resolution": [640,480],
			"K": [
				[744.998,0,385.941],
				[0,745.121,243.87],
				[0,0,1]
			],
			"distCoef": [-0.309504,-0.017393,-0.000871968,0.000129814,0.179104],
			"R": [
				[0.8148034115,0.1402522811,-0.5625163982],
				[-0.3041468187,0.9294575902,-0.2088140339],
				[0.4935484913,0.3412299602,0.7999825004]
			],
			"t": [
				[-29.49419613],
				[137.7418272],
				[323.7214032]
			],
			"panel": 3,
			"node": 17
		},
		{
			"name": "03_18",
			"type": "vga",
			"resolution": [640,480],
			"K": [
				[747.32,0,388.931],
				[0,747.365,245.056],
				[0,0,1]
			],
			"distCoef": [-0.33203,0.111009,-0.000318615,-0.000262521,-0.00783639],
			"R": [
				[0.7964237922,0.1441228146,-0.5873140196],
				[-0.3436357362,0.907008998,-0.2434115001],
				[0.4976179499,0.3956807954,0.7718892952]
			],
			"t": [
				[-39.89963844],
				[99.78275928],
				[329.6232448]
			],
			"panel": 3,
			"node": 18
		},
		{
			"name": "03_19",
			"type": "vga",
			"resolution": [640,480],
			"K": [
				[744.221,0,381.193],
				[0,744.366,233.08],
				[0,0,1]
			],
			"distCoef": [-0.312847,0.0182227,0.000264622,0.000460888,0.130408],
			"R": [
				[0.824094783,0.09632295761,-0.5582021825],
				[-0.2658577154,0.9359284732,-0.2309925716],
				[0.5001874287,0.3387621301,0.7969019735]
			],
			"t": [
				[-4.34088773],
				[124.4362893],
				[323.4560511]
			],
			"panel": 3,
			"node": 19
		},
		{
			"name": "03_20",
			"type": "vga",
			"resolution": [640,480],
			"K": [
				[746.442,0,357.505],
				[0,746.664,215.515],
				[0,0,1]
			],
			"distCoef": [-0.321428,0.0401789,-0.000124281,-0.000673681,0.113089],
			"R": [
				[0.8804262908,0.002965362624,-0.4741737583],
				[-0.1752564781,0.9312090533,-0.3195854594],
				[0.4406072098,0.3644734635,0.8203806318]
			],
			"t": [
				[21.67686808],
				[109.3887471],
				[326.0482325]
			],
			"panel": 3,
			"node": 20
		},
		{
			"name": "03_21",
			"type": "vga",
			"resolution": [640,480],
			"K": [
				[745.766,0,371.236],
				[0,746.208,251.163],
				[0,0,1]
			],
			"distCoef": [-0.309012,-0.0157599,-0.000826835,-0.000121289,0.182757],
			"R": [
				[0.8647131649,-0.01577061692,-0.5020183563],
				[-0.1496804681,0.9460006746,-0.2875386602],
				[0.4794443658,0.3237808075,0.815658684]
			],
			"t": [
				[23.35148062],
				[138.7963221],
				[320.3891352]
			],
			"panel": 3,
			"node": 21
		},
		{
			"name": "03_22",
			"type": "vga",
			"resolution": [640,480],
			"K": [
				[750.265,0,362.521],
				[0,750.618,224.175],
				[0,0,1]
			],
			"distCoef": [-0.333929,0.0859577,-8.90003e-05,-0.0015236,0.0449347],
			"R": [
				[0.8371175776,-0.01279328979,-0.5468733794],
				[-0.2505928845,0.8796873492,-0.4041699814],
				[0.4862482572,0.4753803734,0.7331958354]
			],
			"t": [
				[5.608916102],
				[103.5601532],
				[341.7330814]
			],
			"panel": 3,
			"node": 22
		},
		{
			"name": "03_23",
			"type": "vga",
			"resolution": [640,480],
			"K": [
				[745.093,0,366.6],
				[0,745.194,235.33],
				[0,0,1]
			],
			"distCoef": [-0.316972,0.0179707,0.000697274,-0.000826698,0.129625],
			"R": [
				[0.8372061047,0.02569039606,-0.5462837557],
				[-0.2485131111,0.907678736,-0.3381723612],
				[0.4871623669,0.4188786409,0.7662985792]
			],
			"t": [
				[-4.577216863],
				[131.350347],
				[334.5113833]
			],
			"panel": 3,
			"node": 23
		},
		{
			"name": "03_24",
			"type": "vga",
			"resolution": [640,480],
			"K": [
				[746.337,0,373.697],
				[0,746.714,225.661],
				[0,0,1]
			],
			"distCoef": [-0.321045,0.0572532,1.89794e-05,0.00101366,0.075628],
			"R": [
				[0.868750306,0.02861822851,-0.4944227977],
				[-0.2143455069,0.9217096216,-0.3232760076],
				[0.4464626631,0.3868234357,0.8068697045]
			],
			"t": [
				[-1.622081965],
				[126.681175],
				[330.0941759]
			],
			"panel": 3,
			"node": 24
		},
		{
			"name": "04_01",
			"type": "vga",
			"resolution": [640,480],
			"K": [
				[745.386,0,367.985],
				[0,745.715,245.71],
				[0,0,1]
			],
			"distCoef": [-0.320431,0.054968,-0.000446957,0.000723733,0.0662049],
			"R": [
				[0.07094554961,-0.06053351707,-0.9956417138],
				[-0.08297665899,0.9943391306,-0.06636691543],
				[0.9940229389,0.08732346026,0.06552106711]
			],
			"t": [
				[-63.95173816],
				[136.1072894],
				[283.5546428]
			],
			"panel": 4,
			"node": 1
		},
		{
			"name": "04_02",
			"type": "vga",
			"resolution": [640,480],
			"K": [
				[744.781,0,381.922],
				[0,744.946,223.155],
				[0,0,1]
			],
			"distCoef": [-0.317119,0.0464094,-0.000914788,-0.000109226,0.067641],
			"R": [
				[0.1352975568,-0.01813989478,-0.990638943],
				[-0.008375779004,0.9997757247,-0.01945113204],
				[0.9907696087,0.0109290635,0.1351152771]
			],
			"t": [
				[-57.99129272],
				[149.1089325],
				[276.1035273]
			],
			"panel": 4,
			"node": 2
		},
		{
			"name": "04_03",
			"type": "vga",
			"resolution": [640,480],
			"K": [
				[742.547,0,377.627],
				[0,742.538,259.432],
				[0,0,1]
			],
			"distCoef": [-0.30736,-0.0187037,0.000332053,0.00104317,0.164716],
			"R": [
				[0.09577325838,0.04143892692,-0.9945402447],
				[-0.08686852022,0.9956690643,0.03312060677],
				[0.9916054372,0.08322217092,0.09895820882]
			],
			"t": [
				[-54.59151353],
				[111.4842244],
				[283.5400717]
			],
			"panel": 4,
			"node": 3
		},
		{
			"name": "04_04",
			"type": "vga",
			"resolution": [640,480],
			"K": [
				[742.837,0,393.577],
				[0,743.234,224.249],
				[0,0,1]
			],
			"distCoef": [-0.300578,-0.053903,-0.000945394,4.71189e-05,0.213245],
			"R": [
				[0.1196694715,0.05702385747,-0.9911748066],
				[-0.03987164196,0.997819777,0.05259225121],
				[0.9920128375,0.0332260801,0.1216822002]
			],
			"t": [
				[-26.20075904],
				[117.8956107],
				[279.0126419]
			],
			"panel": 4,
			"node": 4
		},
		{
			"name": "04_05",
			"type": "vga",
			"resolution": [640,480],
			"K": [
				[745.652,0,365.017],
				[0,746.042,258.11],
				[0,0,1]
			],
			"distCoef": [-0.320309,0.0444795,0.000839094,8.15081e-05,0.0971788],
			"R": [
				[0.1602564881,0.01131506784,-0.9870105507],
				[-0.04785039817,0.9988477291,0.003681513894],
				[0.9859149037,0.04663886136,0.1606132597]
			],
			"t": [
				[-16.53778825],
				[91.34274593],
				[281.5598725]
			],
			"panel": 4,
			"node": 5
		},
		{
			"name": "04_06",
			"type": "vga",
			"resolution": [640,480],
			"K": [
				[745.286,0,362.836],
				[0,745.576,223.744],
				[0,0,1]
			],
			"distCoef": [-0.308002,-0.0202379,-7.73918e-05,0.00120019,0.181924],
			"R": [
				[0.1206221783,0.09474928976,-0.9881664142],
				[-0.08661425196,0.9926428516,0.08460579537],
				[0.9889126662,0.07538395944,0.1279413819]
			],
			"t": [
				[1.179654862],
				[76.64594311],
				[283.05466]
			],
			"panel": 4,
			"node": 6
		},
		{
			"name": "04_07",
			"type": "vga",
			"resolution": [640,480],
			"K": [
				[744.774,0,375.086],
				[0,744.938,218.365],
				[0,0,1]
			],
			"distCoef": [-0.302018,-0.0638109,-0.000913163,-0.000395434,0.246635],
			"R": [
				[0.1089235065,-0.05861254472,-0.9923206333],
				[-0.03617889771,0.9973650164,-0.06288172585],
				[0.9933915427,0.04275036477,0.1065159576]
			],
			"t": [
				[-1.186115341],
				[99.32980239],
				[280.3112636]
			],
			"panel": 4,
			"node": 7
		},
		{
			"name": "04_08",
			"type": "vga",
			"resolution": [640,480],
			"K": [
				[744.632,0,365.388],
				[0,744.861,236.459],
				[0,0,1]
			],
			"distCoef": [-0.307657,-0.0296462,0.000578973,-0.000587493,0.213041],
			"R": [
				[0.1311348895,-0.020567093,-0.9911511668],
				[-0.04428462565,0.9986652406,-0.02658212113],
				[0.9903749354,0.0473786019,0.13004905]
			],
			"t": [
				[30.27662023],
				[92.78883255],
				[280.2471948]
			],
			"panel": 4,
			"node": 8
		},
		{
			"name": "04_09",
			"type": "vga",
			"resolution": [640,480],
			"K": [
				[745.294,0,354.912],
				[0,745.43,217.038],
				[0,0,1]
			],
			"distCoef": [-0.317345,0.0251814,-0.000814135,-0.000285106,0.143244],
			"R": [
				[0.1182258765,0.01287377464,-0.9929032722],
				[-0.04217383306,0.9990787999,0.007932169389],
				[0.9920907267,0.04093674917,0.1186599033]
			],
			"t": [
				[46.39793669],
				[108.0351852],
				[279.6758539]
			],
			"panel": 4,
			"node": 9
		},
		{
			"name": "04_10",
			"type": "vga",
			"resolution": [640,480],
			"K": [
				[742.986,0,374.103],
				[0,743.142,209.983],
				[0,0,1]
			],
			"distCoef": [-0.303945,-0.0485948,-0.00151604,-0.000230636,0.21819],
			"R": [
				[0.09911004522,-0.02052921251,-0.9948646895],
				[-0.05468910977,0.9981636804,-0.02604550622],
				[0.9935724937,0.05698963551,0.09780532315]
			],
			"t": [
				[31.96358673],
				[125.9745173],
				[282.0161825]
			],
			"panel": 4,
			"node": 10
		},
		{
			"name": "04_11",
			"type": "vga",
			"resolution": [640,480],
			"K": [
				[742.737,0,379.187],
				[0,743.015,231.583],
				[0,0,1]
			],
			"distCoef": [-0.304974,-0.0267496,3.61869e-05,-0.000252269,0.182851],
			"R": [
				[0.1264929607,-0.01056036851,-0.9919112912],
