<?xml version="1.0"?>
<opencv_storage>
<CameraMatrix type_id="opencv-matrix">
  <rows>3</rows>
  <cols>4</cols>
  <dt>d</dt>
  <data>
    -3.2431611799999999e-01 -8.6219384100000004e-02
    9.4201129149999996e-01 5.5674202150000004e-02
    -1.4615521749999999e-01 9.8844653080000000e-01
    4.0151066860000001e-02 1.5236062340000001e+00
    -9.3458959340000003e-01 -1.2465822700000000e-01
    -3.3317055460000000e-01 2.5418547079999998e+00</data></CameraMatrix>
<Intrinsics type_id="opencv-matrix">
  <rows>3</rows>
  <cols>3</cols>
  <dt>d</dt>
  <data>
    1.3982700000000000e+03 0. 9.4671600000000001e+02 0.
    1.3952600000000000e+03 5.4021000000000004e+02 0. 0. 1.</data></Intrinsics>
<Distortion type_id="opencv-matrix">
  <rows>5</rows>
  <cols>1</cols>
  <dt>d</dt>
  <data>
    -2.8741899999999998e-01 1.9103300000000001e-01
    -5.7235200000000004e-04 6.5841900000000004e-04
    -5.6635800000000000e-02</data></Distortion>
</opencv_storage>
