<?xml version="1.0"?>
<opencv_storage>
<CameraMatrix type_id="opencv-matrix">
  <rows>3</rows>
  <cols>4</cols>
  <dt>d</dt>
  <data>
    9.5269029959999996e-01 -4.8784713840000000e-02
    -3.0000207460000000e-01 -8.9348457190000008e-02
    -1.9586156220000001e-01 6.5623451060000004e-01
    -7.2869370479999995e-01 8.0470568570000001e-01
    2.3242082850000001e-01 7.5297829900000002e-01 6.1563320229999996e-01
    3.8057876610000001e+00</data></CameraMatrix>
<Intrinsics type_id="opencv-matrix">
  <rows>3</rows>
  <cols>3</cols>
  <dt>d</dt>
  <data>
    1.3970599999999999e+03 0. 9.5132399999999996e+02 0.
    1.3936099999999999e+03 5.4880200000000002e+02 0. 0. 1.</data></Intrinsics>
<Distortion type_id="opencv-matrix">
  <rows>5</rows>
  <cols>1</cols>
  <dt>d</dt>
  <data>
    -2.8581099999999998e-01 1.8213399999999999e-01
    -2.0835700000000000e-04 1.1450700000000000e-03
    -4.6977800000000000e-02</data></Distortion>
</opencv_storage>
