<?xml version="1.0"?>
<opencv_storage>
<CameraMatrix type_id="opencv-matrix">
  <rows>3</rows>
  <cols>4</cols>
  <dt>d</dt>
  <data>
    -9.2254278960000002e-01 -1.1238814050000000e-02
    -3.8573111150000000e-01 -1.0707285220000000e-01
    -2.2834823080000000e-02 9.9941413899999998e-01
    2.5494110870000000e-02 1.4371884979999998e+00 3.8521860310000000e-01
    3.2327509849999998e-02 -9.2225894409999998e-01
    2.7707090179999998e+00</data></CameraMatrix>
<Intrinsics type_id="opencv-matrix">
  <rows>3</rows>
  <cols>3</cols>
  <dt>d</dt>
  <data>
    1.3965200000000000e+03 0. 9.3373800000000006e+02 0.
    1.3935200000000000e+03 5.6044299999999998e+02 0. 0. 1.</data></Intrinsics>
<Distortion type_id="opencv-matrix">
  <rows>5</rows>
  <cols>1</cols>
  <dt>d</dt>
  <data>
    -2.8615200000000002e-01 1.8215700000000001e-01
    -3.3296299999999998e-04 -1.1707600000000000e-04
    -4.7722800000000003e-02</data></Distortion>
</opencv_storage>
