<?xml version="1.0"?>
<opencv_storage>
<CameraMatrix type_id="opencv-matrix">
  <rows>3</rows>
  <cols>4</cols>
  <dt>d</dt>
  <data>
    -9.9544865559999995e-01 5.1789133199999997e-02
    -7.9999122859999994e-02 -1.9663129550000000e-01
    -3.1787565080000003e-02 6.1093508770000005e-01
    7.9104226769999997e-01 6.7484167830000008e-01 8.9841664520000003e-02
    7.8998493930000002e-01 -6.0650826130000002e-01
    3.7834251719999998e+00</data></CameraMatrix>
<Intrinsics type_id="opencv-matrix">
  <rows>3</rows>
  <cols>3</cols>
  <dt>d</dt>
  <data>
    1.3978599999999999e+03 0. 9.4027200000000005e+02 0.
    1.3949900000000000e+03 5.5720100000000002e+02 0. 0. 1.</data></Intrinsics>
<Distortion type_id="opencv-matrix">
  <rows>5</rows>
  <cols>1</cols>
  <dt>d</dt>
  <data>
    -2.8548099999999998e-01 1.8496699999999999e-01
    -7.5804400000000004e-04 1.1613699999999999e-03
    -5.0419100000000001e-02</data></Distortion>
</opencv_storage>
