<?xml version="1.0"?>
<opencv_storage>
<CameraMatrix type_id="opencv-matrix">
  <rows>3</rows>
  <cols>4</cols>
  <dt>d</dt>
  <data>
    -6.3985741360000004e-01 -2.8560861690000001e-02
    7.6796273829999995e-01 -1.2826346529999999e-01
    7.2510716360000005e-02 9.9260715300000002e-01 9.7330549150000001e-02
    1.1809833050000000e+00 -7.6506515159999999e-01
    1.1796320170000001e-01 -6.3305607720000001e-01
    2.8532135729999997e+00</data></CameraMatrix>
<Intrinsics type_id="opencv-matrix">
  <rows>3</rows>
  <cols>3</cols>
  <dt>d</dt>
  <data>
    1.3972100000000000e+03 0. 9.5056299999999999e+02 0.
    1.3940599999999999e+03 5.6569399999999996e+02 0. 0. 1.</data></Intrinsics>
<Distortion type_id="opencv-matrix">
  <rows>5</rows>
  <cols>1</cols>
  <dt>d</dt>
  <data>
    -2.8607600000000000e-01 1.7978700000000000e-01
    -2.4876999999999999e-04 2.1618900000000001e-04
    -4.5857599999999998e-02</data></Distortion>
</opencv_storage>
