<?xml version="1.0"?>
<opencv_storage>
<CameraMatrix type_id="opencv-matrix">
  <rows>3</rows>
  <cols>4</cols>
  <dt>d</dt>
  <data>
    1.6567949360000001e-01 3.3656061799999998e-02
    -9.8560518210000003e-01 1.7761933660000001e-01
    -9.2241013210000000e-02 9.9556501350000004e-01
    1.8490520949999999e-02 1.2674136499999999e+00 9.8185635449999997e-01
    8.7849720470000003e-02 1.6804917650000001e-01 2.8638605070000001e+00</data></CameraMatrix>
<Intrinsics type_id="opencv-matrix">
  <rows>3</rows>
  <cols>3</cols>
  <dt>d</dt>
  <data>
    1.6345999999999999e+03 0. 9.4187400000000002e+02 0.
    1.6302600000000000e+03 5.5778200000000004e+02 0. 0. 1.</data></Intrinsics>
<Distortion type_id="opencv-matrix">
  <rows>5</rows>
  <cols>1</cols>
  <dt>d</dt>
  <data>
    -2.2493900000000000e-01 2.0680699999999999e-01
    1.6467700000000001e-04 6.4106500000000002e-04 1.7689799999999999e-02</data></Distortion>
</opencv_storage>
