<?xml version="1.0"?>
<opencv_storage>
<CameraMatrix type_id="opencv-matrix">
  <rows>3</rows>
  <cols>4</cols>
  <dt>d</dt>
  <data>
    -5.5036799439999995e-01 -1.2892966020000000e-02
    8.3482264110000004e-01 -2.9710840539999998e-02
    6.2580787819999995e-01 6.5550949280000004e-01 4.2269587700000000e-01
    8.3986323530000007e-01 -5.5268396959999999e-01
    7.5507686780000005e-01 -3.5270292520000002e-01
    3.7668994209999997e+00</data></CameraMatrix>
<Intrinsics type_id="opencv-matrix">
  <rows>3</rows>
  <cols>3</cols>
  <dt>d</dt>
  <data>
    1.6328900000000001e+03 0. 9.4919200000000001e+02 0.
    1.6292300000000000e+03 5.7213800000000003e+02 0. 0. 1.</data></Intrinsics>
<Distortion type_id="opencv-matrix">
  <rows>5</rows>
  <cols>1</cols>
  <dt>d</dt>
  <data>
    -2.1671899999999999e-01 1.6535800000000000e-01
    -4.2756300000000000e-04 1.0973800000000000e-03
    8.7586999999999998e-02</data></Distortion>
</opencv_storage>
