<?xml version="1.0"?>
<opencv_storage>
<CameraMatrix type_id="opencv-matrix">
  <rows>3</rows>
  <cols>4</cols>
  <dt>d</dt>
  <data>
    9.6418175380000004e-01 1.7568962279999999e-02
    -2.6465992760000001e-01 -1.5600787589999998e-01
    -3.2585346760000002e-02 9.9809150729999996e-01
    -5.2455106709999998e-02 1.3636020700000000e+00
    2.6323324430000000e-01 5.9200292289999998e-02 9.6291411069999999e-01
    2.8822704209999999e+00</data></CameraMatrix>
<Intrinsics type_id="opencv-matrix">
  <rows>3</rows>
  <cols>3</cols>
  <dt>d</dt>
  <data>
    1.6430300000000000e+03 0. 9.4687699999999995e+02 0.
    1.6392500000000000e+03 5.6209000000000003e+02 0. 0. 1.</data></Intrinsics>
<Distortion type_id="opencv-matrix">
  <rows>5</rows>
  <cols>1</cols>
  <dt>d</dt>
  <data>
    -2.2367999999999999e-01 2.0754600000000001e-01
    -7.1436299999999998e-04 8.1057000000000004e-04
    3.0421699999999999e-02</data></Distortion>
</opencv_storage>
