<?xml version="1.0"?>
<opencv_storage>
<CameraMatrix type_id="opencv-matrix">
  <rows>3</rows>
  <cols>4</cols>
  <dt>d</dt>
  <data>
    -9.4989629220000005e-01 -3.7439772750000003e-02
    3.1031483599999998e-01 -6.3864368190000007e-02
    1.6526055649999999e-01 7.8252449960000003e-01 6.0028689469999996e-01
    1.1593902470000002e+00 -2.6530356669999999e-01
    6.2149309799999997e-01 -7.3712980309999998e-01
    3.5611620900000003e+00</data></CameraMatrix>
<Intrinsics type_id="opencv-matrix">
  <rows>3</rows>
  <cols>3</cols>
  <dt>d</dt>
  <data>
    1.3968800000000001e+03 0. 9.4823500000000001e+02 0.
    1.3939700000000000e+03 5.4834900000000005e+02 0. 0. 1.</data></Intrinsics>
<Distortion type_id="opencv-matrix">
  <rows>5</rows>
  <cols>1</cols>
  <dt>d</dt>
  <data>
    -2.8975899999999999e-01 1.9215800000000000e-01
    -3.0850799999999998e-04 2.4334499999999999e-05
    -5.6105900000000000e-02</data></Distortion>
</opencv_storage>
