<?xml version="1.0"?>
<opencv_storage>
<CameraMatrix type_id="opencv-matrix">
  <rows>3</rows>
  <cols>4</cols>
  <dt>d</dt>
  <data>
    2.8710339509999998e-02 2.3339554980000000e-02 9.9931525639999996e-01
    1.0710897450000000e-01 6.3855233820000001e-01 7.6872183210000000e-01
    -3.6299535770000002e-02 1.0606334150000001e+00
    -7.6904266970000001e-01 6.3915726549999996e-01
    7.1667373810000001e-03 3.6103134340000000e+00</data></CameraMatrix>
<Intrinsics type_id="opencv-matrix">
  <rows>3</rows>
  <cols>3</cols>
  <dt>d</dt>
  <data>
    1.3970500000000000e+03 0. 9.5245399999999995e+02 0.
    1.3933199999999999e+03 5.6143600000000004e+02 0. 0. 1.</data></Intrinsics>
<Distortion type_id="opencv-matrix">
  <rows>5</rows>
  <cols>1</cols>
  <dt>d</dt>
  <data>
    -2.8652300000000003e-01 1.8511500000000000e-01
    -1.9817000000000001e-04 7.2001800000000000e-04
    -4.9966499999999997e-02</data></Distortion>
</opencv_storage>
