<?xml version="1.0"?>
<opencv_storage>
<CameraMatrix type_id="opencv-matrix">
  <rows>3</rows>
  <cols>4</cols>
  <dt>d</dt>
  <data>
    5.2520541060000003e-01 9.3771484729999993e-02
    -8.4579322850000005e-01 1.5268847060000001e-01
    -5.9775333850000001e-01 7.4806794200000004e-01
    -2.8824520910000001e-01 9.4814000590000003e-01
    6.0568161850000002e-01 6.5696366939999995e-01 4.4894154870000003e-01
    3.6550408260000000e+00</data></CameraMatrix>
<Intrinsics type_id="opencv-matrix">
  <rows>3</rows>
  <cols>3</cols>
  <dt>d</dt>
  <data>
    1.3941700000000001e+03 0. 9.1784500000000003e+02 0.
    1.3912800000000000e+03 5.6316499999999996e+02 0. 0. 1.</data></Intrinsics>
<Distortion type_id="opencv-matrix">
  <rows>5</rows>
  <cols>1</cols>
  <dt>d</dt>
  <data>
    -2.8742200000000001e-01 1.8854399999999999e-01
    -4.6693100000000002e-05 5.7834700000000000e-04
    -5.3839100000000001e-02</data></Distortion>
</opencv_storage>
