<?xml version="1.0"?>
<opencv_storage>
<CameraMatrix type_id="opencv-matrix">
  <rows>3</rows>
  <cols>4</cols>
  <dt>d</dt>
  <data>
    8.2709612480000005e-01 4.0667318330000000e-02
    -5.6058734340000005e-01 -6.9381882699999994e-03
    -2.7623357549999999e-01 8.9802534369999998e-01
    -3.4241129339999998e-01 1.0297525700000001e+00
    4.8949669260000001e-01 4.3806010000000001e-01 7.5398696050000003e-01
    3.3645800009999998e+00</data></CameraMatrix>
<Intrinsics type_id="opencv-matrix">
  <rows>3</rows>
  <cols>3</cols>
  <dt>d</dt>
  <data>
    1.4942100000000000e+03 0. 9.3607600000000002e+02 0.
    1.4909600000000000e+03 5.4761000000000001e+02 0. 0. 1.</data></Intrinsics>
<Distortion type_id="opencv-matrix">
  <rows>5</rows>
  <cols>1</cols>
  <dt>d</dt>
  <data>
    -2.6059199999999999e-01 1.9578999999999999e-01
    -1.0624399999999999e-04 3.4614900000000002e-04
    -3.3495299999999999e-02</data></Distortion>
</opencv_storage>
