<?xml version="1.0"?>
<opencv_storage>
<CameraMatrix type_id="opencv-matrix">
  <rows>3</rows>
  <cols>4</cols>
  <dt>d</dt>
  <data>
    -9.9264114100000000e-01 4.2642859749999998e-02
    -1.1333645350000000e-01 2.1300223650000000e-01
    -1.3611968090000001e-02 8.9071850699999999e-01
    4.5435146700000001e-01 9.9764988820000000e-01 1.2032572250000000e-01
    4.5255069079999999e-01 -8.8358338189999996e-01
    3.3093569120000002e+00</data></CameraMatrix>
<Intrinsics type_id="opencv-matrix">
  <rows>3</rows>
  <cols>3</cols>
  <dt>d</dt>
  <data>
    1.3963000000000000e+03 0. 9.6451599999999996e+02 0.
    1.3930599999999999e+03 5.6384799999999996e+02 0. 0. 1.</data></Intrinsics>
<Distortion type_id="opencv-matrix">
  <rows>5</rows>
  <cols>1</cols>
  <dt>d</dt>
  <data>
    -2.9030000000000000e-01 1.9377400000000000e-01
    -2.9902400000000000e-04 6.6495599999999997e-04
    -5.8347999999999997e-02</data></Distortion>
</opencv_storage>
