<?xml version="1.0"?>
<opencv_storage>
<CameraMatrix type_id="opencv-matrix">
  <rows>3</rows>
  <cols>4</cols>
  <dt>d</dt>
  <data>
    -2.6223128550000002e-01 7.4028456889999997e-02
    -9.6216139000000001e-01 -2.0880054800000000e-01
    -7.6322539499999997e-01 5.9422802779999995e-01
    2.5373223550000001e-01 5.8961223990000000e-01 5.9052667110000001e-01
    8.0088253730000003e-01 -9.9324781350000002e-02
    3.8195277349999999e+00</data></CameraMatrix>
<Intrinsics type_id="opencv-matrix">
  <rows>3</rows>
  <cols>3</cols>
  <dt>d</dt>
  <data>
    1.5912400000000000e+03 0. 9.3746199999999999e+02 0.
    1.5875999999999999e+03 5.6366899999999998e+02 0. 0. 1.</data></Intrinsics>
<Distortion type_id="opencv-matrix">
  <rows>5</rows>
  <cols>1</cols>
  <dt>d</dt>
  <data>
    -2.3458999999999999e-01 2.1004300000000001e-01
    -1.0878800000000000e-05 5.0157600000000000e-04
    -1.1935899999999999e-02</data></Distortion>
</opencv_storage>
