<?xml version="1.0"?>
<opencv_storage>
<CameraMatrix type_id="opencv-matrix">
  <rows>3</rows>
  <cols>4</cols>
  <dt>d</dt>
  <data>
    7.5283392390000003e-01 2.7078683120000000e-03 6.5820494569999999e-01
    1.0256384669999999e-01 2.6164029929999999e-01 9.1636221949999996e-01
    -3.0302580179999999e-01 1.1743871480000001e+00
    -6.0397469879999999e-01 4.0034104240000001e-01
    6.8916007790000000e-01 3.3259349309999999e+00</data></CameraMatrix>
<Intrinsics type_id="opencv-matrix">
  <rows>3</rows>
  <cols>3</cols>
  <dt>d</dt>
  <data>
    1.4295400000000000e+03 0. 9.4917899999999997e+02 0.
    1.4256800000000001e+03 5.4769100000000003e+02 0. 0. 1.</data></Intrinsics>
<Distortion type_id="opencv-matrix">
  <rows>5</rows>
  <cols>1</cols>
  <dt>d</dt>
  <data>
    -2.8409000000000001e-01 2.0389199999999999e-01
    -3.9131300000000001e-04 4.6024800000000002e-04
    -6.0970000000000003e-02</data></Distortion>
</opencv_storage>
