<?xml version="1.0"?>
<opencv_storage>
<CameraMatrix type_id="opencv-matrix">
  <rows>3</rows>
  <cols>4</cols>
  <dt>d</dt>
  <data>
    -9.9997189890000004e-01 3.5717023349999999e-03
    -6.5912273880000000e-03 7.6632313979999991e-02
    3.9591985880000000e-03 9.9820581669999997e-01
    -5.9745061279999997e-02 1.3544063629999998e+00
    6.3660099429999999e-03 -5.9769478360000003e-02
    -9.9819190710000005e-01 2.6314437030000000e+00</data></CameraMatrix>
<Intrinsics type_id="opencv-matrix">
  <rows>3</rows>
  <cols>3</cols>
  <dt>d</dt>
  <data>
    1.4305100000000000e+03 0. 9.4831600000000003e+02 0.
    1.4273199999999999e+03 5.6032500000000005e+02 0. 0. 1.</data></Intrinsics>
<Distortion type_id="opencv-matrix">
  <rows>5</rows>
  <cols>1</cols>
  <dt>d</dt>
  <data>
    -2.7847800000000000e-01 1.8965899999999999e-01
    1.1896700000000000e-04 -5.8535300000000003e-06
    -4.8369900000000000e-02</data></Distortion>
</opencv_storage>
