<?xml version="1.0"?>
<opencv_storage>
<CameraMatrix type_id="opencv-matrix">
  <rows>3</rows>
  <cols>4</cols>
  <dt>d</dt>
  <data>
    8.2028928899999998e-01 -7.9853950640000004e-02
    5.6634691559999994e-01 -6.1263288129999996e-02
    1.7674948209999999e-02 9.9327182250000001e-01 1.1444947720000000e-01
    1.4364475619999999e+00 -5.7167567600000002e-01
    -8.3871527850000002e-02 8.1618165160000000e-01
    2.6988300920000001e+00</data></CameraMatrix>
<Intrinsics type_id="opencv-matrix">
  <rows>3</rows>
  <cols>3</cols>
  <dt>d</dt>
  <data>
    1.6565200000000000e+03 0. 9.3517300000000000e+02 0.
    1.6523099999999999e+03 5.6789800000000002e+02 0. 0. 1.</data></Intrinsics>
<Distortion type_id="opencv-matrix">
  <rows>5</rows>
  <cols>1</cols>
  <dt>d</dt>
  <data>
    -2.2220999999999999e-01 2.1911700000000001e-01
    -7.7548000000000005e-04 2.8808799999999998e-04
    2.4148800000000002e-02</data></Distortion>
</opencv_storage>
