<?xml version="1.0"?>
<opencv_storage>
<CameraMatrix type_id="opencv-matrix">
  <rows>3</rows>
  <cols>4</cols>
  <dt>d</dt>
  <data>
    7.1848430689999998e-01 1.0600533450000000e-02 6.9546238540000005e-01
    -1.8477783330000000e-01 5.3170993389999999e-01
    6.3623391699999998e-01 -5.5900889890000005e-01
    7.2444645769999994e-01 -4.4840255010000002e-01
    7.7142338030000002e-01 4.5148767590000000e-01 3.8062125300000003e+00</data></CameraMatrix>
<Intrinsics type_id="opencv-matrix">
  <rows>3</rows>
  <cols>3</cols>
  <dt>d</dt>
  <data>
    1.3974700000000000e+03 0. 9.4889200000000005e+02 0.
    1.3941099999999999e+03 5.5620899999999995e+02 0. 0. 1.</data></Intrinsics>
<Distortion type_id="opencv-matrix">
  <rows>5</rows>
  <cols>1</cols>
  <dt>d</dt>
  <data>
    -2.8301700000000002e-01 1.7341500000000001e-01
    -9.6648499999999995e-05 8.3072199999999999e-04
    -3.8406799999999998e-02</data></Distortion>
</opencv_storage>
