<?xml version="1.0"?>
<opencv_storage>
<CameraMatrix type_id="opencv-matrix">
  <rows>3</rows>
  <cols>4</cols>
  <dt>d</dt>
  <data>
    -4.2739817949999998e-01 -9.8103496580000007e-04
    9.0406295889999999e-01 1.9428274300000001e-01 3.6047693320000002e-01
    9.1688304570000001e-01 1.7141137989999999e-01 1.1905392310000000e+00
    -8.2908815979999995e-01 3.9915475459999999e-01
    -3.9152050410000000e-01 3.2563193769999996e+00</data></CameraMatrix>
<Intrinsics type_id="opencv-matrix">
  <rows>3</rows>
  <cols>3</cols>
  <dt>d</dt>
  <data>
    1.5423599999999999e+03 0. 9.4657700000000000e+02 0.
    1.5385000000000000e+03 5.5438999999999999e+02 0. 0. 1.</data></Intrinsics>
<Distortion type_id="opencv-matrix">
  <rows>5</rows>
  <cols>1</cols>
  <dt>d</dt>
  <data>
    -2.4829499999999999e-01 1.9918100000000000e-01
    -1.3118200000000001e-04 3.6179300000000001e-04
    -1.6566800000000000e-02</data></Distortion>
</opencv_storage>
