<?xml version="1.0"?>
<opencv_storage>
<CameraMatrix type_id="opencv-matrix">
  <rows>3</rows>
  <cols>4</cols>
  <dt>d</dt>
  <data>
    -3.5074985590000002e-01 -6.5172075339999996e-02
    -9.3419866149999997e-01 -1.6758996159999998e-01
    5.7511229140000002e-02 9.9419338719999995e-01
    -9.0950356890000000e-02 1.4182836839999999e+00
    9.3470155509999997e-01 -8.5627737859999997e-02
    -3.4496506110000003e-01 2.6270744860000002e+00</data></CameraMatrix>
<Intrinsics type_id="opencv-matrix">
  <rows>3</rows>
  <cols>3</cols>
  <dt>d</dt>
  <data>
    1.3992400000000000e+03 0. 9.5557000000000005e+02 0.
    1.3961600000000001e+03 5.4565400000000000e+02 0. 0. 1.</data></Intrinsics>
<Distortion type_id="opencv-matrix">
  <rows>5</rows>
  <cols>1</cols>
  <dt>d</dt>
  <data>
    -2.8506599999999999e-01 1.8180299999999999e-01
    -9.1757999999999998e-05 1.0636000000000000e-04
    -5.1484700000000001e-02</data></Distortion>
</opencv_storage>
