<?xml version="1.0"?>
<opencv_storage>
<CameraMatrix type_id="opencv-matrix">
  <rows>3</rows>
  <cols>4</cols>
  <dt>d</dt>
  <data>
    7.9658566679999998e-01 -3.8712576459999999e-03
    -6.0451326610000000e-01 -2.2928689869999998e-02
    5.5125457830000002e-02 9.9627844580000002e-01 6.6260413599999998e-02
    1.4267143590000000e+00 6.0200702600000000e-01
    -8.6106166299999995e-02 7.9383453490000000e-01
    2.6602453360000000e+00</data></CameraMatrix>
<Intrinsics type_id="opencv-matrix">
  <rows>3</rows>
  <cols>3</cols>
  <dt>d</dt>
  <data>
    1.3993900000000001e+03 0. 9.3537400000000002e+02 0.
    1.3964800000000000e+03 5.5924000000000001e+02 0. 0. 1.</data></Intrinsics>
<Distortion type_id="opencv-matrix">
  <rows>5</rows>
  <cols>1</cols>
  <dt>d</dt>
  <data>
    -2.8999000000000003e-01 1.9808400000000001e-01
    -5.0429700000000001e-04 4.7781400000000002e-04
    -6.4059099999999994e-02</data></Distortion>
</opencv_storage>
