<?xml version="1.0"?>
<opencv_storage>
<CameraMatrix type_id="opencv-matrix">
  <rows>3</rows>
  <cols>4</cols>
  <dt>d</dt>
  <data>
    4.9681694739999999e-01 1.2262783310000001e-02 8.6776871619999996e-01
    7.0072436219999992e-02 1.4609419060000001e-01 9.8444895219999995e-01
    -9.7553820989999998e-02 1.0192493069999999e+00
    -8.5547028479999998e-01 1.7524235980000000e-01
    4.8729940189999998e-01 2.9877011769999999e+00</data></CameraMatrix>
<Intrinsics type_id="opencv-matrix">
  <rows>3</rows>
  <cols>3</cols>
  <dt>d</dt>
  <data>
    1.5747800000000000e+03 0. 9.4079200000000003e+02 0.
    1.5703399999999999e+03 5.6054600000000005e+02 0. 0. 1.</data></Intrinsics>
<Distortion type_id="opencv-matrix">
  <rows>5</rows>
  <cols>1</cols>
  <dt>d</dt>
  <data>
    -2.4371699999999999e-01 2.0726000000000000e-01
    -4.1056799999999999e-04 3.7608500000000002e-04
    -7.1306700000000004e-03</data></Distortion>
</opencv_storage>
