<?xml version="1.0"?>
<opencv_storage>
<CameraMatrix type_id="opencv-matrix">
  <rows>3</rows>
  <cols>4</cols>
  <dt>d</dt>
  <data>
    -6.1112906400000000e-01 -3.0030364659999999e-02
    -7.9096108899999995e-01 -1.3975445100000000e-01
    -5.2260414010000000e-01 7.6581823360000001e-01
    3.7470968210000000e-01 1.0491370340000001e+00 5.9447975559999999e-01
    6.4235551710000005e-01 -4.8370777320000002e-01
    3.6053630600000002e+00</data></CameraMatrix>
<Intrinsics type_id="opencv-matrix">
  <rows>3</rows>
  <cols>3</cols>
  <dt>d</dt>
  <data>
    1.3962300000000000e+03 0. 9.5462699999999995e+02 0.
    1.3930300000000000e+03 5.6138699999999994e+02 0. 0. 1.</data></Intrinsics>
<Distortion type_id="opencv-matrix">
  <rows>5</rows>
  <cols>1</cols>
  <dt>d</dt>
  <data>
    -2.8572300000000000e-01 1.8271699999999999e-01
    3.3812300000000002e-05 3.3864499999999999e-04
    -4.7759999999999997e-02</data></Distortion>
</opencv_storage>
