<?xml version="1.0"?>
<opencv_storage>
<CameraMatrix type_id="opencv-matrix">
  <rows>3</rows>
  <cols>4</cols>
  <dt>d</dt>
  <data>
    -9.3267403360000001e-01 -6.1520199360000000e-02
    3.5543552460000000e-01 -6.2619151080000005e-02
    4.7829633320000002e-02 9.5555772019999996e-01 2.9089821170000002e-01
    1.1235122259999999e+00 -3.5753527559999998e-01
    2.8831355920000001e-01 -8.8828138459999995e-01
    3.0877384960000001e+00</data></CameraMatrix>
<Intrinsics type_id="opencv-matrix">
  <rows>3</rows>
  <cols>3</cols>
  <dt>d</dt>
  <data>
    1.5152100000000000e+03 0. 9.4822100000000000e+02 0.
    1.5116600000000001e+03 5.5826499999999999e+02 0. 0. 1.</data></Intrinsics>
<Distortion type_id="opencv-matrix">
  <rows>5</rows>
  <cols>1</cols>
  <dt>d</dt>
  <data>
    -2.6340700000000000e-01 2.2202300000000000e-01
    -2.9255200000000001e-04 8.6127700000000003e-04
    -5.3956799999999999e-02</data></Distortion>
</opencv_storage>
