<?xml version="1.0"?>
<opencv_storage>
<CameraMatrix type_id="opencv-matrix">
  <rows>3</rows>
  <cols>4</cols>
  <dt>d</dt>
  <data>
    -7.4291926639999994e-01 -3.9706086240000001e-02
    -6.6820235740000000e-01 -1.8936015619999999e-01
    1.5841817440000000e-01 9.5945147559999999e-01
    -2.3314490769999999e-01 1.4507522620000000e+00
    6.5036500959999999e-01 -2.7906324129999999e-01
    -7.0650482069999998e-01 2.3664175410000001e+00</data></CameraMatrix>
<Intrinsics type_id="opencv-matrix">
  <rows>3</rows>
  <cols>3</cols>
  <dt>d</dt>
  <data>
    1.6174600000000000e+03 0. 9.5232100000000003e+02 0.
    1.6140300000000000e+03 5.5220399999999995e+02 0. 0. 1.</data></Intrinsics>
<Distortion type_id="opencv-matrix">
  <rows>5</rows>
  <cols>1</cols>
  <dt>d</dt>
  <data>
    -2.2932300000000000e-01 2.0914400000000000e-01
    -8.5744100000000002e-04 4.0193200000000003e-04
    8.9001900000000005e-03</data></Distortion>
</opencv_storage>
