<?xml version="1.0"?>
<opencv_storage>
<CameraMatrix type_id="opencv-matrix">
  <rows>3</rows>
  <cols>4</cols>
  <dt>d</dt>
  <data>
    9.7306772909999995e-01 2.6960875780000001e-02 2.2893734039999999e-01
    2.8545743730000003e-02 3.3153068840000001e-02 9.6644469700000002e-01
    -2.5472636630000001e-01 1.2232336150000001e+00
    -2.2812292449999999e-01 2.5545598219999999e-01
    9.3952231080000004e-01 3.1567581030000000e+00</data></CameraMatrix>
<Intrinsics type_id="opencv-matrix">
  <rows>3</rows>
  <cols>3</cols>
  <dt>d</dt>
  <data>
    1.8639700000000000e+03 0. 9.3714700000000005e+02 0.
    1.8593900000000001e+03 5.5216700000000003e+02 0. 0. 1.</data></Intrinsics>
<Distortion type_id="opencv-matrix">
  <rows>5</rows>
  <cols>1</cols>
  <dt>d</dt>
  <data>
    -1.8602099999999999e-01 3.1374600000000002e-01
    8.0601599999999998e-05 2.7124099999999997e-04
    -1.5291100000000000e-03</data></Distortion>
</opencv_storage>
