<?xml version="1.0"?>
<opencv_storage>
<CameraMatrix type_id="opencv-matrix">
  <rows>3</rows>
  <cols>4</cols>
  <dt>d</dt>
  <data>
    -2.3818966380000001e-01 -5.0579587619999998e-02
    -9.6990071109999998e-01 -1.4278430440000001e-01
    -4.5531566140000002e-01 8.8791649660000005e-01
    6.5512926609999994e-02 9.7208678789999992e-01 8.5787722460000004e-01
    4.5721548579999999e-01 -2.3452221020000000e-01
    3.3394016199999998e+00</data></CameraMatrix>
<Intrinsics type_id="opencv-matrix">
  <rows>3</rows>
  <cols>3</cols>
  <dt>d</dt>
  <data>
    1.3968099999999999e+03 0. 9.3405799999999999e+02 0.
    1.3932400000000000e+03 5.6298199999999997e+02 0. 0. 1.</data></Intrinsics>
<Distortion type_id="opencv-matrix">
  <rows>5</rows>
  <cols>1</cols>
  <dt>d</dt>
  <data>
    -2.8463100000000002e-01 1.7839600000000000e-01
    -2.5731000000000001e-04 3.6044799999999998e-05
    -4.5152900000000003e-02</data></Distortion>
</opencv_storage>
