<?xml version="1.0"?>
<opencv_storage>
<CameraMatrix type_id="opencv-matrix">
  <rows>3</rows>
  <cols>4</cols>
  <dt>d</dt>
  <data>
    -6.0119569250000005e-01 4.0224585960000003e-02
    -7.9808879330000004e-01 1.8708221429999999e-01
    -1.3424817440000000e-01 9.7945341880000003e-01
    1.5049394680000000e-01 1.4110723080000001e+00 7.8774435379999996e-01
    1.9761827609999999e-01 -5.8344309920000004e-01
    2.9989893180000000e+00</data></CameraMatrix>
<Intrinsics type_id="opencv-matrix">
  <rows>3</rows>
  <cols>3</cols>
  <dt>d</dt>
  <data>
    1.4031199999999999e+03 0. 9.4266300000000001e+02 0.
    1.3998599999999999e+03 5.5324400000000003e+02 0. 0. 1.</data></Intrinsics>
<Distortion type_id="opencv-matrix">
  <rows>5</rows>
  <cols>1</cols>
  <dt>d</dt>
  <data>
    -2.8674500000000003e-01 1.9201399999999999e-01
    -1.9897900000000001e-04 1.9727300000000001e-04
    -5.7701000000000002e-02</data></Distortion>
</opencv_storage>
