<?xml version="1.0"?>
<opencv_storage>
<CameraMatrix type_id="opencv-matrix">
  <rows>3</rows>
  <cols>4</cols>
  <dt>d</dt>
  <data>
    5.1033868890000000e-01 -7.2524868760000000e-02
    -8.5690989370000004e-01 -2.3480773210000000e-01
    -7.9862210820000001e-02 9.8813473740000002e-01
    -1.3119362830000000e-01 1.5791977330000000e+00
    8.5625723350000005e-01 1.3538790290000000e-01 4.9849138999999998e-01
    2.9400740740000000e+00</data></CameraMatrix>
<Intrinsics type_id="opencv-matrix">
  <rows>3</rows>
  <cols>3</cols>
  <dt>d</dt>
  <data>
    1.4007400000000000e+03 0. 9.4023500000000001e+02 0.
    1.3977500000000000e+03 5.7244500000000005e+02 0. 0. 1.</data></Intrinsics>
<Distortion type_id="opencv-matrix">
  <rows>5</rows>
  <cols>1</cols>
  <dt>d</dt>
  <data>
    -2.8494199999999997e-01 1.8397500000000000e-01
    -4.6486699999999999e-04 7.9845999999999997e-04
    -4.8080499999999998e-02</data></Distortion>
</opencv_storage>
