<?xml version="1.0"?>
<opencv_storage>
<CameraMatrix type_id="opencv-matrix">
  <rows>3</rows>
  <cols>4</cols>
  <dt>d</dt>
  <data>
    6.1362137749999997e-02 6.1708565229999998e-02 9.9620617400000000e-01
    1.8810576109999999e-01 2.1651749360000000e-01 9.7349758509999995e-01
    -7.3638487099999997e-02 1.3254264620000000e+00
    -9.7434843000000004e-01 2.2021467889999999e-01
    4.6374909040000002e-02 3.0393650730000004e+00</data></CameraMatrix>
<Intrinsics type_id="opencv-matrix">
  <rows>3</rows>
  <cols>3</cols>
  <dt>d</dt>
  <data>
    1.4085999999999999e+03 0. 9.4768100000000004e+02 0.
    1.4054100000000001e+03 5.6152800000000002e+02 0. 0. 1.</data></Intrinsics>
<Distortion type_id="opencv-matrix">
  <rows>5</rows>
  <cols>1</cols>
  <dt>d</dt>
  <data>
    -2.8581499999999999e-01 1.9579500000000000e-01
    -4.5396500000000002e-04 5.1446800000000002e-04
    -5.9738800000000002e-02</data></Distortion>
</opencv_storage>
