<?xml version="1.0"?>
<opencv_storage>
<CameraMatrix type_id="opencv-matrix">
  <rows>3</rows>
  <cols>4</cols>
  <dt>d</dt>
  <data>
    9.9755047816874565e-01 6.9918055327377077e-02
    -2.1234510930986119e-03 -1.6368579469507205e-01
    -6.9897689775394845e-02 9.9751797592221614e-01
    8.4970980992061223e-03 3.9430363644894989e-03 2.7122812113799981e-03
    -8.3278599461511730e-03 9.9996164440409796e-01
    -7.4751445506955952e-04</data></CameraMatrix>
<Intrinsics type_id="opencv-matrix">
  <rows>3</rows>
  <cols>3</cols>
  <dt>d</dt>
  <data>
    5.5642585931193241e+02 0. 6.8072271625770406e+02 0.
    5.5751728267476699e+02 3.7830723684815553e+02 0. 0. 1.</data></Intrinsics>
<Distortion type_id="opencv-matrix">
  <rows>14</rows>
  <cols>1</cols>
  <dt>d</dt>
  <data>
    1.9981675244083605e+00 1.2400743525937839e-01
    -1.6431432415443619e-04 -2.1118164525881925e-05
    -2.9249256716682905e-02 2.3474897920287776e+00
    6.7709831114717733e-01 -7.2529399308674580e-02 0. 0. 0. 0. 0. 0.</data></Distortion>
<CameraMatrixInitial type_id="opencv-matrix">
  <rows>3</rows>
  <cols>4</cols>
  <dt>d</dt>
  <data>
    9.9750393427762873e-01 7.0511659713466499e-02
    -3.7425853503087565e-03 -1.6290516766934710e-01
    -7.0483783407240860e-02 9.9748751171830830e-01
    7.1204102844497144e-03 4.6495595141781152e-03 4.2352540954702584e-03
    -6.8388456971952057e-03 9.9996764588274389e-01
    -7.9199854176174444e-04</data></CameraMatrixInitial>
</opencv_storage>
