<?xml version="1.0"?>
<opencv_storage>
<CameraMatrix type_id="opencv-matrix">
  <rows>3</rows>
  <cols>4</cols>
  <dt>d</dt>
  <data>
    1. 0. 0. 0. 0. 1. 0. 0. 0. 0. 1. 0.</data></CameraMatrix>
<Intrinsics type_id="opencv-matrix">
  <rows>3</rows>
  <cols>3</cols>
  <dt>d</dt>
  <data>
    5.5939835970558886e+02 0. 6.1774282202907239e+02 0.
    5.6115244098557616e+02 3.7878955264035471e+02 0. 0. 1.</data></Intrinsics>
<Distortion type_id="opencv-matrix">
  <rows>14</rows>
  <cols>1</cols>
  <dt>d</dt>
  <data>
    2.4998299123398238e-01 -1.4559396330112587e-01
    4.9960657296524425e-04 3.2389945428541760e-04
    -6.9762481842291398e-03 5.8471730501220365e-01
    -1.4801099584412139e-01 -3.7203010955932724e-02 0. 0. 0. 0. 0. 0.</data></Distortion>
<CameraMatrixInitial type_id="opencv-matrix">
  <rows>3</rows>
  <cols>4</cols>
  <dt>d</dt>
  <data>
    1. 0. 0. 0. 0. 1. 0. 0. 0. 0. 1. 0.</data></CameraMatrixInitial>
</opencv_storage>
