{
	"calibDataSource": "150225_gaku_after_norm",
	"cameras": [
		{
			"name": "01_01",
			"type": "vga",
			"resolution": [640,480],
			"panel": 1,
			"node": 1,
			"K": [
				[748.561374,0.083459,378.041653],
				[0,748.351299,223.336713],
				[0,0,1]
			],
			"distCoef": [-0.32211,0.02854,0,0,0.101902],
			"R": [
				[-0.9610410199,0.02955079861,-0.2748215937],
				[0.005847346208,0.9962196747,0.08667276504],
				[0.2763439281,0.08168910551,-0.957580766]
			],
			"t": [
				[-46.25903829],
				[143.5237551],
				[287.1962273]
			]
		},
		{
			"name": "01_02",
			"type": "vga",
			"resolution": [640,480],
			"panel": 1,
			"node": 2,
			"K": [
				[747.766496,0.612817,369.661581],
				[0,747.592528,224.22777],
				[0,0,1]
			],
			"distCoef": [-0.350385,0.23918,0,0,-0.280112],
			"R": [
				[-0.9478903818,-0.01697472735,-0.3181441226],
				[-0.02917423324,0.9990087814,0.03362021372],
				[0.3172580783,0.04114988805,-0.9474460399]
			],
			"t": [
				[-59.60095583],
				[142.158523],
				[282.9090866]
			]
		},
		{
			"name": "01_03",
			"type": "vga",
			"resolution": [640,480],
			"panel": 1,
			"node": 3,
			"K": [
				[749.334897,0.184668,383.405776],
				[0,748.964759,236.457169],
				[0,0,1]
			],
			"distCoef": [-0.320582,0.009331,0,0,0.1591],
			"R": [
				[-0.9507871809,0.05900590292,-0.3041743578],
				[0.03533613101,0.9959439431,0.08274672267],
				[0.3078231544,0.06792617823,-0.9490157743]
			],
			"t": [
				[-47.29260161],
				[117.4004115],
				[286.9190412]
			]
		},
		{
			"name": "01_04",
			"type": "vga",
			"resolution": [640,480],
			"panel": 1,
			"node": 4,
			"K": [
				[747.735773,0.357529,362.627746],
				[0,747.62568,232.527694],
				[0,0,1]
			],
			"distCoef": [-0.332287,0.131911,0,0,-0.093279],
			"R": [
				[-0.9455238023,0.08631847706,-0.3139010351],
				[0.04518841006,0.9896734191,0.136031361],
				[0.3224015306,0.114436201,-0.939660369]
			],
			"t": [
				[-21.12470312],
				[96.0561647],
				[291.0112271]
			]
		},
		{
			"name": "01_05",
			"type": "vga",
			"resolution": [640,480],
			"panel": 1,
			"node": 5,
			"K": [
				[743.318643,-0.220618,346.089877],
				[0,742.619752,208.520957],
				[0,0,1]
			],
			"distCoef": [-0.334296,0.202179,0,0,-0.363188],
			"R": [
				[-0.941982791,0.05219555641,-0.3315781134],
				[0.01559136355,0.9935734444,0.1121103025],
				[0.3352988679,0.1004362208,-0.9367428861]
			],
			"t": [
				[-17.55088378],
				[77.27985435],
				[289.1971327]
			]
		},
		{
			"name": "01_06",
			"type": "vga",
			"resolution": [640,480],
			"panel": 1,
			"node": 6,
			"K": [
				[745.548924,-0.354856,371.667608],
				[0,744.266539,240.618702],
				[0,0,1]
			],
			"distCoef": [-0.353462,0.236822,0,0,-0.327005],
			"R": [
				[-0.9466051535,0.07630576579,-0.3132349175],
				[0.0436985009,0.9929883017,0.1098393082],
				[0.3194199813,0.09028655885,-0.9433022913]
			],
			"t": [
				[-0.2216201293],
				[72.57407745],
				[288.3740537]
			]
		},
		{
			"name": "01_07",
			"type": "vga",
			"resolution": [640,480],
			"panel": 1,
			"node": 7,
			"K": [
				[753.003006,0.058244,379.857143],
				[0,752.852408,229.087345],
				[0,0,1]
			],
			"distCoef": [-0.431266,1.001876,0,0,-2.548905],
			"R": [
				[-0.9531313388,-0.02834731527,-0.3012259628],
				[-0.03971535512,0.998708658,0.03168133424],
				[0.2999388963,0.04215976861,-0.953026344]
			],
			"t": [
				[2.094930867],
				[99.77080742],
				[284.8786148]
			]
		},
		{
			"name": "01_08",
			"type": "vga",
			"resolution": [640,480],
			"panel": 1,
			"node": 8,
			"K": [
				[744.881893,-0.035426,359.334764],
				[0,744.012707,215.852356],
				[0,0,1]
			],
			"distCoef": [-0.328406,0.045337,0,0,0.229234],
			"R": [
				[-0.9513636798,0.06578934555,-0.3009633046],
				[0.04493569614,0.9961174079,0.0757026613],
				[0.3047752154,0.05849676682,-0.9506262127]
			],
			"t": [
				[33.1673065],
				[87.30619139],
				[285.4983013]
			]
		},
		{
			"name": "01_09",
			"type": "vga",
			"resolution": [640,480],
			"panel": 1,
			"node": 9,
			"K": [
				[747.457529,0.250546,337.920488],
				[0,746.395581,230.158639],
				[0,0,1]
			],
			"distCoef": [-0.348718,0.462542,0,0,-1.47777],
			"R": [
				[-0.9509713899,0.07369617281,-0.3003702543],
				[0.04919828692,0.9948753512,0.08833212389],
				[0.3053407017,0.06922362068,-0.949723721]
			],
			"t": [
				[50.96903185],
				[97.08460109],
				[286.8919686]
			]
		},
		{
			"name": "01_10",
			"type": "vga",
			"resolution": [640,480],
			"panel": 1,
			"node": 10,
			"K": [
				[750.510362,0.414178,378.634527],
				[0,750.262897,226.511625],
				[0,0,1]
			],
			"distCoef": [-0.413829,1.138604,0,0,-4.32323],
			"R": [
				[-0.9553353677,-0.0007391769713,-0.2955229075],
				[-0.01258914474,0.9991908997,0.03819763553],
				[0.295255565,0.04021193284,-0.9545717112]
			],
			"t": [
				[36.02021025],
				[130.4170237],
				[283.8988643]
			]
		},
		{
			"name": "01_11",
			"type": "vga",
			"resolution": [640,480],
			"panel": 1,
			"node": 11,
			"K": [
				[742.95165,0.513482,370.215606],
				[0,742.186843,225.835739],
				[0,0,1]
			],
			"distCoef": [-0.328144,0.115652,0,0,-0.114512],
			"R": [
				[-0.9248809424,-0.01258690392,-0.3800484339],
				[-0.03215406334,0.9984611917,0.04518146578],
				[0.3788949175,0.05400757807,-0.9238624481]
			],
			"t": [
				[74.71680124],
				[142.005802],
				[278.2048643]
			]
		},
		{
			"name": "01_12",
			"type": "vga",
			"resolution": [640,480],
			"panel": 1,
			"node": 12,
			"K": [
				[747.199732,0.358159,357.030641],
				[0,746.368322,226.165892],
				[0,0,1]
			],
			"distCoef": [-0.398377,0.864238,0,0,-2.764244],
			"R": [
				[-0.9552742473,0.08620063933,-0.2828790595],
				[0.06694756712,0.9947766737,0.07705447872],
				[0.2880436352,0.05467009433,-0.9560554613]
			],
			"t": [
				[61.25647233],
				[157.143862],
				[285.4870624]
			]
		},
		{
			"name": "01_13",
			"type": "vga",
			"resolution": [640,480],
			"panel": 1,
			"node": 13,
			"K": [
				[744.45447,0.261734,340.100227],
				[0,744.097464,214.113011],
				[0,0,1]
			],
			"distCoef": [-0.324171,0.143548,0,0,-0.453747],
			"R": [
				[-0.9429609654,-0.06136526776,-0.3271985967],
				[-0.08900357781,0.9935570518,0.07016229705],
				[0.320784945,0.09528215312,-0.9423472451]
			],
			"t": [
				[26.47146441],
				[154.8172094],
				[290.0511531]
			]
		},
		{
			"name": "01_14",
			"type": "vga",
			"resolution": [640,480],
			"panel": 1,
			"node": 14,
			"K": [
				[748.015848,0.754132,365.323202],
				[0,747.700571,233.903547],
				[0,0,1]
			],
			"distCoef": [-0.393931,0.737229,0,0,-2.099216],
			"R": [
				[-0.9578740904,0.007145405198,-0.2870995822],
				[-0.01228776012,0.9977552541,0.06582904957],
				[0.2869254919,0.06658375178,-0.9556361055]
			],
			"t": [
				[24.73042463],
				[181.8387711],
				[286.6720683]
			]
		},
		{
			"name": "01_15",
			"type": "vga",
			"resolution": [640,480],
			"panel": 1,
			"node": 15,
			"K": [
				[747.072798,0.124685,364.737926],
				[0,746.28367,216.805784],
				[0,0,1]
			],
			"distCoef": [-0.372844,0.428814,0,0,-0.808742],
			"R": [
				[-0.9599949487,0.03628193445,-0.277656838],
				[0.00628052407,0.9941106726,0.1081874557],
				[0.2799468762,0.1021155806,-0.9545690937]
			],
			"t": [
				[7.515330293],
				[172.9351182],
				[292.3420939]
			]
		},
		{
			"name": "01_16",
			"type": "vga",
			"resolution": [640,480],
			"panel": 1,
			"node": 16,
			"K": [
				[749.08701,0.729403,374.479129],
				[0,748.598083,227.96945],
				[0,0,1]
			],
			"distCoef": [-0.386185,0.569854,0,0,-1.194151],
			"R": [
				[-0.9505317245,0.05662841158,-0.3054221075],
				[0.03324871717,0.9961415874,0.08121859788],
				[0.3088429432,0.06704596064,-0.948747003]
			],
			"t": [
				[1.61685627],
				[172.8463746],
				[285.6246351]
			]
		},
		{
			"name": "01_17",
			"type": "vga",
			"resolution": [640,480],
			"panel": 1,
			"node": 17,
			"K": [
				[753.31438,-0.24297,381.464357],
				[0,753.410114,229.510434],
				[0,0,1]
			],
			"distCoef": [-0.326774,-0.01955,0,0,0.280448],
			"R": [
				[-0.9596518498,0.02501994949,-0.2800755778],
				[0.002821585935,0.9968402218,0.07938268667],
				[0.2811767519,0.07538948479,-0.9566901587]
			],
			"t": [
				[-32.20826282],
				[174.1607197],
				[288.3484179]
			]
		},
		{
			"name": "01_18",
			"type": "vga",
			"resolution": [640,480],
			"panel": 1,
			"node": 18,
			"K": [
				[744.246559,0.006348,361.610177],
				[0,743.758511,235.887241],
				[0,0,1]
			],
			"distCoef": [-0.328681,0.099605,0,0,-0.012632],
			"R": [
				[-0.9648185934,0.06084712531,-0.2557786331],
				[0.04582032204,0.9968775588,0.06430887083],
				[0.2588929893,0.05032653496,-0.964594039]
			],
			"t": [
				[-50.92137185],
				[174.6373015],
				[279.2048423]
			]
		},
		{
			"name": "01_19",
			"type": "vga",
			"resolution": [640,480],
			"panel": 1,
			"node": 19,
			"K": [
				[743.792674,0.384277,365.271718],
				[0,743.297768,219.103759],
				[0,0,1]
			],
			"distCoef": [-0.315675,0.019987,0,0,0.116032],
			"R": [
				[-0.9503638865,0.053831264,-0.306448492],
				[0.03287430727,0.9967793195,0.07314552647],
				[0.3093990354,0.05944058493,-0.9490727336]
			],
			"t": [
				[-13.32656034],
				[143.8902077],
				[284.7314223]
			]
		},
		{
			"name": "01_20",
			"type": "vga",
			"resolution": [640,480],
			"panel": 1,
			"node": 20,
			"K": [
				[743.761896,-0.180288,340.182103],
				[0,742.929606,246.278833],
				[0,0,1]
			],
			"distCoef": [-0.341773,0.196645,0,0,-0.240007],
			"R": [
				[-0.945716085,0.0363427548,-0.3229555555],
				[0.01989101057,0.9983375224,0.05409749684],
				[0.3243847011,0.04473696055,-0.9448667472]
			],
			"t": [
				[-7.347923443],
				[126.6484577],
				[282.6328877]
			]
		},
		{
			"name": "01_21",
			"type": "vga",
			"resolution": [640,480],
			"panel": 1,
			"node": 21,
			"K": [
				[743.218563,0.390803,368.571199],
				[0,742.593332,219.28526],
				[0,0,1]
			],
			"distCoef": [-0.291913,-0.131563,0,0,0.296654],
			"R": [
				[-0.956317057,0.04105298982,-0.289434515],
				[0.0282529092,0.9984348333,0.04826651747],
				[0.2909629866,0.03798072687,-0.9559801278]
			],
			"t": [
				[3.233083896],
				[122.1967719],
				[283.0845942]
			]
		},
		{
			"name": "01_22",
			"type": "vga",
			"resolution": [640,480],
			"panel": 1,
			"node": 22,
			"K": [
				[744.468032,0.406334,361.99977],
				[0,744.182832,226.179],
				[0,0,1]
			],
			"distCoef": [-0.353691,0.281453,0,0,-0.391173],
			"R": [
				[-0.9589104334,-0.006695109483,-0.2836299636],
				[-0.01788308592,0.99915987,0.03687478154],
				[0.2831447968,0.04043179176,-0.9582245531]
			],
			"t": [
				[10.91130295],
				[135.1321034],
				[283.0069355]
			]
		},
		{
			"name": "01_23",
			"type": "vga",
			"resolution": [640,480],
			"panel": 1,
			"node": 23,
			"K": [
				[748.483337,0.462215,359.151314],
				[0,748.030232,221.747543],
				[0,0,1]
			],
			"distCoef": [-0.355204,0.353637,0,0,-0.819514],
			"R": [
				[-0.9659912715,0.01463284776,-0.2581603052],
				[-0.008627980596,0.9960174616,0.08873992386],
				[0.2584306897,0.08794939398,-0.9620179222]
			],
			"t": [
				[3.440493519],
				[142.2051004],
				[290.4385297]
			]
		},
		{
			"name": "01_24",
			"type": "vga",
			"resolution": [640,480],
			"panel": 1,
			"node": 24,
			"K": [
				[744.523466,0.147878,369.967578],
				[0,743.855053,242.791236],
				[0,0,1]
			],
			"distCoef": [-0.325233,0.071957,0,0,0.015426],
			"R": [
				[-0.9574448972,0.05449657339,-0.283424403],
				[0.0274911151,0.9947667329,0.0984041956],
				[0.2873038589,0.08642494206,-0.9539325039]
			],
			"t": [
				[-2.252053119],
				[147.207977],
				[288.425196]
			]
		},
		{
			"name": "02_01",
			"type": "vga",
			"resolution": [640,480],
			"panel": 2,
			"node": 1,
			"K": [
				[746.827102,0.22552,373.320521],
				[0,747.047769,236.432886],
				[0,0,1]
			],
			"distCoef": [-0.318588,0.008112,0,0,0.179406],
			"R": [
				[-0.716515349,0.05116967488,-0.6956920432],
				[-0.1240851927,0.9720514641,0.1992958003],
				[0.6864463705,0.2291235811,-0.6901403952]
			],
			"t": [
				[7.305179835],
				[173.0042826],
				[305.9882785]
			]
		},
		{
			"name": "02_02",
			"type": "vga",
			"resolution": [640,480],
			"panel": 2,
			"node": 2,
			"K": [
				[746.189729,0.537816,363.492011],
				[0,746.587156,213.353349],
				[0,0,1]
			],
			"distCoef": [-0.348062,0.246099,0,0,-0.301636],
			"R": [
				[-0.7284379244,-0.05601361544,-0.6828181787],
				[-0.1816779732,0.9767639852,0.1136891868],
				[0.660584063,0.206868538,-0.7216883702]
			],
			"t": [
				[-41.12611637],
				[190.2235961],
				[300.1656044]
			]
		},
		{
			"name": "02_03",
			"type": "vga",
			"resolution": [640,480],
			"panel": 2,
			"node": 3,
			"K": [
				[743.561946,-0.101974,346.435696],
				[0,743.27218,254.470971],
				[0,0,1]
			],
			"distCoef": [-0.336706,0.146041,0,0,-0.099921],
			"R": [
				[-0.7235674315,0.1301257109,-0.6778771802],
				[-0.07916820711,0.959943763,0.2687756812],
				[0.6856985979,0.2481436503,-0.6842822237]
			],
			"t": [
				[-12.03345806],
				[167.469745],
				[308.717652]
			]
		},
		{
			"name": "02_04",
			"type": "vga",
			"resolution": [640,480],
			"panel": 2,
			"node": 4,
			"K": [
				[747.77636,0.30771,382.565011],
				[0,747.980125,223.413323],
				[0,0,1]
			],
			"distCoef": [-0.32328,0.015425,0,0,0.157834],
			"R": [
				[-0.7290841562,0.07491000975,-0.6803122691],
				[-0.1057334347,0.9697319264,0.2200918709],
				[0.6762076115,0.2323972488,-0.6990956908]
			],
			"t": [
				[-24.95478498],
				[151.0191809],
				[307.4745608]
			]
		},
		{
			"name": "02_05",
			"type": "vga",
			"resolution": [640,480],
			"panel": 2,
			"node": 5,
			"K": [
				[742.381552,0.242683,374.619489],
				[0,742.198786,245.556483],
				[0,0,1]
			],
			"distCoef": [-0.325226,0.094496,0,0,-0.036436],
			"R": [
				[-0.7449521555,0.05893736125,-0.6645093479],
				[-0.1207141388,0.9677379919,0.2211589378],
				[0.6561054661,0.2449685011,-0.7138039302]
			],
			"t": [
				[-52.10906819],
				[134.7609339],
				[306.3818209]
			]
		},
		{
			"name": "02_06",
			"type": "vga",
			"resolution": [640,480],
			"panel": 2,
			"node": 6,
			"K": [
				[743.303404,0.301128,350.149761],
				[0,743.692304,228.70058],
				[0,0,1]
			],
			"distCoef": [-0.293405,-0.10073,0,0,0.313477],
			"R": [
				[-0.729588129,0.06362644341,-0.680920581],
				[-0.1354729428,0.9624857521,0.2350920219],
				[0.6703344268,0.2637666634,-0.6935985176]
			],
			"t": [
				[-44.19742433],
				[106.8619205],
				[310.5360167]
			]
		},
		{
			"name": "02_07",
			"type": "vga",
			"resolution": [640,480],
			"panel": 2,
			"node": 7,
			"K": [
				[746.864635,0.304827,373.843393],
				[0,746.954985,217.103401],
				[0,0,1]
			],
			"distCoef": [-0.319539,0.029244,0,0,0.098443],
			"R": [
				[-0.7246150188,0.09811590013,-0.6821336707],
				[-0.08310195551,0.9701504193,0.2278206067],
				[0.6841250905,0.2217688752,-0.6948319412]
			],
			"t": [
				[-18.19384437],
				[110.174196],
				[306.4792699]
			]
		},
		{
			"name": "02_08",
			"type": "vga",
			"resolution": [640,480],
			"panel": 2,
			"node": 8,
			"K": [
				[747.030986,-0.070902,342.251946],
				[0,745.999952,231.801196],
				[0,0,1]
			],
			"distCoef": [-0.333562,0.048202,0,0,0.234369],
			"R": [
				[-0.6997944964,0.04666145675,-0.7128186104],
				[-0.1222967126,0.9753061157,0.1839062121],
				[0.7037976818,0.2158719278,-0.6768073093]
			],
			"t": [
				[-12.50187903],
				[89.11456926],
				[306.5677514]
			]
		},
		{
			"name": "02_09",
			"type": "vga",
			"resolution": [640,480],
			"panel": 2,
			"node": 9,
			"K": [
				[748.029653,-0.221331,344.963127],
				[0,747.869683,221.65649],
				[0,0,1]
			],
			"distCoef": [-0.342692,0.21181,0,0,-0.331829],
			"R": [
				[-0.6939481625,0.02594247314,-0.7195574583],
				[-0.1059444243,0.9847945342,0.1376789903],
				[0.7121879855,0.1717751831,-0.6806478971]
			],
			"t": [
				[6.415200981],
				[94.04216368],
				[302.6477057]
			]
		},
		{
			"name": "02_10",
			"type": "vga",
			"resolution": [640,480],
			"panel": 2,
			"node": 10,
			"K": [
				[745.979701,0.008604,345.174956],
				[0,745.583376,231.656116],
				[0,0,1]
			],
			"distCoef": [-0.329854,0.147239,0,0,-0.310325],
			"R": [
				[-0.7407491759,0.04868461602,-0.6700152734],
				[-0.1093341511,0.9753355121,0.191746401],
				[0.6628247896,0.2152915397,-0.7171560856]
			],
			"t": [
				[8.369598598],
				[93.97804268],
				[306.460751]
			]
		},
		{
			"name": "02_11",
			"type": "vga",
			"resolution": [640,480],
			"panel": 2,
			"node": 11,
			"K": [
				[750.577105,0.247935,374.100078],
				[0,750.13949,219.955648],
				[0,0,1]
			],
			"distCoef": [-0.35353,0.192992,0,0,-0.179986],
			"R": [
				[-0.7139773339,-0.03901976071,-0.6990806999],
				[-0.17886137,0.975482893,0.1282253322],
				[0.6769379418,0.2165885125,-0.703451803]
			],
			"t": [
				[25.52896597],
				[87.38020232],
				[306.4624288]
			]
		},
		{
			"name": "02_12",
			"type": "vga",
			"resolution": [640,480],
			"panel": 2,
			"node": 12,
			"K": [
				[745.752565,0.11117,388.282531],
				[0,745.454264,224.843332],
				[0,0,1]
			],
			"distCoef": [-0.344286,0.152963,0,0,-0.039085],
			"R": [
				[-0.7202251751,-0.05322726916,-0.6916954207],
				[-0.1877913786,0.9747861425,0.1205254099],
				[0.6678398725,0.2166998711,-0.7120611424]
			],
			"t": [
				[38.03201137],
				[100.5175945],
				[306.1062361]
			]
		},
		{
			"name": "02_13",
			"type": "vga",
			"resolution": [640,480],
			"panel": 2,
			"node": 13,
			"K": [
				[748.158494,0.550985,386.59448],
				[0,747.547248,240.196131],
				[0,0,1]
			],
			"distCoef": [-0.36202,0.226818,0,0,-0.125526],
			"R": [
				[-0.7336929584,0.07289383258,-0.6755598656],
				[-0.08074044278,0.9778321036,0.1931977174],
				[0.6746670466,0.1962928075,-0.7115430486]
			],
			"t": [
				[46.89285952],
				[121.0295918],
				[302.9819593]
			]
		},
		{
			"name": "02_14",
			"type": "vga",
			"resolution": [640,480],
			"panel": 2,
			"node": 14,
			"K": [
				[742.247357,0.835746,362.099914],
				[0,741.816898,221.854646],
				[0,0,1]
			],
			"distCoef": [-0.32725,0.11172,0,0,-0.053772],
			"R": [
				[-0.6796110457,-0.01438081563,-0.7334316728],
				[-0.1581984271,0.979155185,0.1273906646],
				[0.7163114436,0.2026038398,-0.6677197015]
			],
			"t": [
				[70.23700737],
				[135.7770497],
				[298.5050199]
			]
		},
		{
			"name": "02_15",
			"type": "vga",
			"resolution": [640,480],
			"panel": 2,
			"node": 15,
			"K": [
				[746.685492,0.93233,377.012997],
				[0,746.189093,233.915076],
				[0,0,1]
			],
			"distCoef": [-0.366314,0.340487,0,0,-0.496564],
			"R": [
				[-0.7070901267,-0.03022701678,-0.7064770911],
				[-0.1831573411,0.972818734,0.1416936806],
				[0.6829911721,0.2295866681,-0.6934068219]
			],
			"t": [
				[47.83332065],
				[146.2634985],
				[305.4793543]
			]
		},
		{
			"name": "02_16",
			"type": "vga",
			"resolution": [640,480],
			"panel": 2,
			"node": 16,
			"K": [
				[750.407589,0.252814,369.576221],
				[0,750.468884,210.569884],
				[0,0,1]
			],
			"distCoef": [-0.386991,0.423864,0,0,-0.549908],
			"R": [
				[-0.7365553591,0.01279773516,-0.67625618],
				[-0.1486143482,0.972325975,0.1802663969],
				[0.6598484511,0.2332775521,-0.7142699806]
			],
			"t": [
				[28.75795508],
				[153.9875571],
				[308.1216392]
			]
		},
		{
			"name": "02_17",
			"type": "vga",
			"resolution": [640,480],
			"panel": 2,
			"node": 17,
			"K": [
				[743.257057,-0.109974,370.767292],
				[0,743.614018,259.309156],
				[0,0,1]
			],
			"distCoef": [-0.293079,-0.15399,0,0,0.474105],
			"R": [
				[-0.6970516715,0.05396709706,-0.7149870766],
				[-0.1090281312,0.9775906643,0.1800815365],
				[0.7086831689,0.2034798408,-0.6755472748]
			],
			"t": [
				[46.9501375],
				[181.2699983],
				[300.3559423]
			]
		},
		{
			"name": "02_18",
			"type": "vga",
			"resolution": [640,480],
			"panel": 2,
			"node": 18,
			"K": [
				[747.027057,-0.453951,381.322996],
				[0,747.204507,212.515438],
				[0,0,1]
			],
			"distCoef": [-0.321559,0.040002,0,0,0.095892],
			"R": [
				[-0.7101078645,0.01120531953,-0.7040037369],
				[-0.09605725288,0.9889829052,0.1126313342],
				[0.6975097311,0.1476050612,-0.7012081866]
			],
			"t": [
				[15.99623835],
				[212.4293353],
				[289.4059022]
			]
		},
		{
			"name": "02_19",
			"type": "vga",
			"resolution": [640,480],
			"panel": 2,
			"node": 19,
			"K": [
				[745.300831,-0.038421,379.525685],
				[0,745.366036,232.516387],
				[0,0,1]
			],
			"distCoef": [-0.326085,0.092467,0,0,-0.013775],
			"R": [
				[-0.7295161265,0.05740213458,-0.6815505968],
				[-0.1033607559,0.9757755553,0.1928175819],
				[0.6761085529,0.2111091204,-0.7059108754]
			],
			"t": [
				[6.52196248],
				[158.4354254],
				[303.5738585]
			]
		},
		{
			"name": "02_20",
			"type": "vga",
			"resolution": [640,480],
			"panel": 2,
			"node": 20,
			"K": [
				[749.00377,0.168171,394.555678],
				[0,749.344173,226.038679],
				[0,0,1]
			],
			"distCoef": [-0.333068,0.079809,0,0,0.015025],
			"R": [
				[-0.7350143363,0.02997743336,-0.6773885731],
				[-0.1412125528,0.9703490148,0.1961677964],
				[0.6631839416,0.2398419124,-0.7089872472]
			],
			"t": [
				[-18.13702749],
				[136.9660891],
				[308.7942018]
			]
		},
		{
			"name": "02_21",
			"type": "vga",
			"resolution": [640,480],
			"panel": 2,
			"node": 21,
			"K": [
				[750.001432,-0.046629,357.705542],
				[0,749.617438,237.78854],
				[0,0,1]
			],
			"distCoef": [-0.367043,0.364699,0,0,-0.636032],
			"R": [
				[-0.7271729662,0.09073426343,-0.6804313123],
				[-0.09535092458,0.9682660426,0.2310174708],
				[0.6797997341,0.2328694142,-0.6954452944]
			],
			"t": [
				[-1.866112841],
				[118.3164333],
				[307.8400653]
			]
		},
		{
			"name": "02_22",
			"type": "vga",
			"resolution": [640,480],
			"panel": 2,
			"node": 22,
			"K": [
				[746.675394,-0.107904,373.789353],
				[0,746.147169,246.881725],
				[0,0,1]
			],
			"distCoef": [-0.324744,0.065626,0,0,0.081387],
			"R": [
				[-0.7470459917,0.07858072205,-0.6601116242],
				[-0.09419370276,0.9704579789,0.2221235188],
				[0.6580652191,0.2281148425,-0.7175749341]
			],
			"t": [
				[6.557740392],
				[110.5083538],
				[306.8497146]
			]
		},
		{
			"name": "02_23",
			"type": "vga",
			"resolution": [640,480],
			"panel": 2,
			"node": 23,
			"K": [
				[746.038244,0.080928,374.884826],
				[0,745.947661,233.091178],
				[0,0,1]
			],
			"distCoef": [-0.333481,0.04955,0,0,0.112402],
			"R": [
				[-0.7235315909,0.006936817481,-0.6902564143],
				[-0.1580458811,0.9717230716,0.1754302472],
				[0.6719550107,0.2360215091,-0.7019760045]
			],
			"t": [
				[21.43815831],
				[120.467977],
				[308.0260569]
			]
		},
		{
			"name": "02_24",
			"type": "vga",
			"resolution": [640,480],
			"panel": 2,
			"node": 24,
			"K": [
				[749.890839,-0.104591,365.058558],
				[0,749.963732,234.80202],
				[0,0,1]
			],
			"distCoef": [-0.365425,0.292346,0,0,-0.340009],
			"R": [
				[-0.7463218772,-0.01937470715,-0.6653031462],
				[-0.1700273785,0.9719608611,0.1624277532],
				[0.6435016288,0.2343431355,-0.7286898851]
			],
			"t": [
				[1.854428207],
				[141.0904791],
				[308.0120325]
			]
		},
		{
			"name": "03_01",
			"type": "vga",
			"resolution": [640,480],
			"panel": 3,
			"node": 1,
			"K": [
				[749.121154,0.624333,368.375309],
				[0,748.726054,220.562541],
				[0,0,1]
			],
			"distCoef": [-0.375243,0.530544,0,0,-1.173257],
			"R": [
				[-0.9852403588,0.1461366813,0.08913756619],
				[0.1681695466,0.9235195498,0.3447182106],
				[-0.03194430974,0.3546205176,-0.9344644721]
			],
			"t": [
				[-12.7504684],
				[105.6788821],
				[326.5259392]
			]
		},
		{
			"name": "03_02",
			"type": "vga",
			"resolution": [640,480],
			"panel": 3,
			"node": 2,
			"K": [
				[751.212966,0.313135,373.577265],
				[0,750.425644,219.524729],
				[0,0,1]
			],
			"distCoef": [-0.359965,0.366065,0,0,-0.710265],
			"R": [
				[-0.9873272863,0.1207828049,0.1029385436],
				[0.1527148225,0.8995363833,0.4092828827],
				[-0.04316263063,0.4198163993,-0.9065821409]
			],
			"t": [
				[-23.90384366],
				[61.55185105],
				[332.2572535]
			]
		},
		{
			"name": "03_03",
			"type": "vga",
			"resolution": [640,480],
			"panel": 3,
			"node": 3,
			"K": [
				[749.830933,0.256541,349.231163],
				[0,748.665668,211.45487],
				[0,0,1]
			],
			"distCoef": [-0.34944,0.206293,0,0,-0.20098],
			"R": [
				[-0.995829125,0.06413955248,0.06488814727],
				[0.08356237718,0.9266889086,0.3664218823],
				[-0.03662899083,0.3703157902,-0.9281834584]
			],
			"t": [
				[-3.704706545],
				[71.6498701],
				[327.9025132]
			]
		},
		{
			"name": "03_04",
			"type": "vga",
			"resolution": [640,480],
			"panel": 3,
			"node": 4,
			"K": [
				[749.343507,-0.155826,379.497204],
				[0,748.327337,208.937455],
				[0,0,1]
			],
			"distCoef": [-0.354357,0.088387,0,0,0.147636],
			"R": [
				[-0.9993235274,-0.03457361823,0.01253604904],
				[-0.02651982651,0.913630419,0.4056798693],
				[-0.02547913665,0.4050729841,-0.9139292594]
			],
			"t": [
				[7.361413876],
				[73.68711759],
				[331.7222424]
			]
		},
		{
			"name": "03_05",
			"type": "vga",
			"resolution": [640,480],
			"panel": 3,
			"node": 5,
			"K": [
				[750.954281,0.71243,380.86596],
				[0,750.137277,251.755409],
				[0,0,1]
			],
			"distCoef": [-0.412756,0.632652,0,0,-1.136739],
			"R": [
				[-0.9980995033,-0.05580271582,-0.02614265592],
				[-0.06161927715,0.8991786967,0.4332213476],
				[-0.00066800847,0.4340089034,-0.9009083336]
			],
			"t": [
				[35.10049976],
				[59.21606788],
				[332.5666256]
			]
		},
		{
			"name": "03_06",
			"type": "vga",
			"resolution": [640,480],
			"panel": 3,
			"node": 6,
			"K": [
				[747.515183,0.466319,377.110856],
				[0,746.935233,239.240124],
				[0,0,1]
			],
			"distCoef": [-0.350432,0.366007,0,0,-0.86077],
			"R": [
				[-0.9957428987,-0.06232450837,-0.06790975923],
				[-0.08220412023,0.9337354686,0.3483971258],
				[0.04169607127,0.352496426,-0.9348837935]
			],
			"t": [
				[59.16611848],
				[106.3932268],
				[322.6851718]
			]
		},
		{
			"name": "03_07",
			"type": "vga",
			"resolution": [640,480],
			"panel": 3,
			"node": 7,
			"K": [
				[746.334606,1.039935,393.932015],
				[0,745.719702,229.932042],
				[0,0,1]
			],
			"distCoef": [-0.347468,0.298531,0,0,-0.714832],
			"R": [
				[-0.9992672569,-0.03562678926,-0.01398860866],
				[-0.03826623344,0.9375994679,0.3456051696],
				[0.0008029094914,0.3458872211,-0.9382757514]
			],
			"t": [
				[45.34608909],
				[126.4234216],
				[323.2122955]
			]
		},
		{
			"name": "03_08",
			"type": "vga",
			"resolution": [640,480],
			"panel": 3,
			"node": 8,
			"K": [
				[749.81434,1.330697,371.185924],
				[0,749.055634,230.510974],
				[0,0,1]
			],
			"distCoef": [-0.379672,0.558104,0,0,-1.44539],
			"R": [
				[-0.9954715107,-0.08224482424,-0.04766823162],
				[-0.09422519289,0.9200251774,0.3803620458],
				[0.01257316365,0.3831311287,-0.9236083877]
			],
			"t": [
				[56.28338645],
				[133.5806745],
				[328.0298156]
			]
		},
		{
			"name": "03_09",
			"type": "vga",
			"resolution": [640,480],
			"panel": 3,
			"node": 9,
			"K": [
				[747.150949,1.509617,388.59381],
				[0,746.460169,218.585231],
				[0,0,1]
			],
			"distCoef": [-0.361468,0.438302,0,0,-1.212371],
			"R": [
				[-0.9852765678,-0.162253788,-0.05388685579],
				[-0.1702534177,0.9023594086,0.3959308922],
				[-0.01561597573,0.3992758519,-0.916697843]
			],
			"t": [
				[28.34284694],
				[149.6303909],
				[331.0501815]
			]
		},
		{
			"name": "03_10",
			"type": "vga",
			"resolution": [640,480],
			"panel": 3,
			"node": 10,
			"K": [
				[746.801169,0.985207,374.373444],
				[0,746.325969,230.332264],
				[0,0,1]
			],
			"distCoef": [-0.344143,0.180916,0,0,-0.16958],
			"R": [
				[-0.9944719002,-0.1049005468,-0.004638431473],
				[-0.09581542304,0.8885006175,0.4487605792],
				[-0.04295398092,0.4467242191,-0.8936399877]
			],
			"t": [
				[10.32686395],
				[132.2480343],
				[340.0528269]
			]
		},
		{
			"name": "03_11",
			"type": "vga",
			"resolution": [640,480],
			"panel": 3,
			"node": 11,
			"K": [
				[744.640097,0.370862,369.921816],
				[0,743.074489,242.369299],
				[0,0,1]
			],
			"distCoef": [-0.301564,-0.364171,0,0,1.925294],
			"R": [
				[-0.9980435023,-0.06203834914,-0.007772431541],
				[-0.05967432473,0.9080785083,0.4145267154],
				[-0.01865857506,0.4141795095,-0.9100039514]
			],
			"t": [
				[15.82573858],
				[164.6332149],
				[333.811585]
			]
		},
		{
			"name": "03_12",
			"type": "vga",
			"resolution": [640,480],
			"panel": 3,
			"node": 12,
			"K": [
				[745.101147,0.650888,371.716787],
				[0,743.86671,240.787475],
				[0,0,1]
			],
			"distCoef": [-0.309999,-0.072882,0,0,0.451037],
			"R": [
				[-0.9952308305,0.01652105307,0.09613869529],
				[0.05636957124,0.9017444389,0.4285783924],
				[-0.07961196747,0.4319537264,-0.8983751515]
			],
			"t": [
				[-6.047240531],
				[163.7468327],
				[337.8165347]
			]
		},
		{
			"name": "03_13",
			"type": "vga",
			"resolution": [640,480],
			"panel": 3,
			"node": 13,
			"K": [
				[748.538697,0.61874,355.39022],
				[0,747.888694,219.45792],
				[0,0,1]
			],
			"distCoef": [-0.340287,0.203314,0,0,-0.355283],
			"R": [
				[-0.9940148384,0.004966571125,0.1091321868],
				[0.04881152076,0.9138966939,0.4030015735],
				[-0.09773400872,0.405916452,-0.9086693004]
			],
			"t": [
				[-24.87804364],
				[156.5870616],
				[332.2461062]
			]
		},
		{
			"name": "03_14",
			"type": "vga",
			"resolution": [640,480],
			"panel": 3,
			"node": 14,
			"K": [
				[745.10306,0.44323,366.884046],
				[0,744.522608,234.470567],
				[0,0,1]
			],
			"distCoef": [-0.323176,0.044529,0,0,0.105849],
			"R": [
				[-0.9872533911,0.08856884357,0.1322357806],
				[0.1321574375,0.919169877,0.3710271539],
				[-0.08868570022,0.3837737578,-0.9191586095]
			],
			"t": [
				[-26.03856569],
				[175.7979174],
				[326.8854448]
			]
		},
		{
			"name": "03_15",
			"type": "vga",
			"resolution": [640,480],
			"panel": 3,
			"node": 15,
			"K": [
				[749.302047,0.531797,380.19278],
				[0,748.365832,234.212444],
				[0,0,1]
			],
			"distCoef": [-0.357206,0.296323,0,0,-0.418097],
			"R": [
				[-0.9953611457,0.09620856335,-0.0003194647218],
				[0.08973670235,0.9295912228,0.3575017241],
				[0.03469169888,0.355814658,-0.9339124237]
			],
			"t": [
				[-4.277885751],
				[164.3196854],
				[326.0305032]
			]
		},
		{
			"name": "03_16",
			"type": "vga",
			"resolution": [640,480],
			"panel": 3,
			"node": 16,
			"K": [
				[747.279657,0.350921,371.691103],
				[0,746.803906,213.668791],
				[0,0,1]
			],
			"distCoef": [-0.324215,0.042937,0,0,0.082512],
			"R": [
				[-0.9897652772,0.08139962405,0.1172126158],
				[0.1169440468,0.9333804245,0.3393008593],
				[-0.08178499873,0.3495355267,-0.933346736]
			],
			"t": [
				[-37.87136828],
				[149.8920407],
				[321.9226944]
			]
		},
		{
			"name": "03_17",
			"type": "vga",
			"resolution": [640,480],
			"panel": 3,
			"node": 17,
			"K": [
				[746.572159,0.537309,387.985733],
				[0,745.677036,239.510293],
				[0,0,1]
			],
			"distCoef": [-0.306658,-0.050621,0,0,0.24103],
			"R": [
				[-0.9876042637,0.1396916838,0.07158248245],
				[0.155592935,0.9313999676,0.3290667696],
				[-0.02070403071,0.3361254733,-0.9415896183]
			],
			"t": [
				[-26.10287651],
				[138.6899696],
				[323.2796387]
			]
		},
		{
			"name": "03_18",
			"type": "vga",
			"resolution": [640,480],
			"panel": 3,
			"node": 18,
			"K": [
				[749.037691,0.503636,391.063425],
				[0,747.837151,243.79671],
				[0,0,1]
			],
			"distCoef": [-0.373253,0.403846,0,0,-0.60418],
			"R": [
				[-0.9844114888,0.1435132442,0.1016758058],
				[0.1719443715,0.9068929099,0.3846821846],
				[-0.03700207913,0.3961681446,-0.9174320941]
			],
			"t": [
				[-36.34193203],
				[98.80854736],
				[329.5892901]
			]
		},
		{
			"name": "03_19",
			"type": "vga",
			"resolution": [640,480],
			"panel": 3,
			"node": 19,
			"K": [
				[745.199382,0.343219,380.8972],
				[0,744.44344,231.711176],
				[0,0,1]
			],
			"distCoef": [-0.321873,0.055229,0,0,0.087212],
			"R": [
				[-0.9935204014,0.09783929008,0.05783325381],
				[0.1115941352,0.93621277,0.3332452524],
				[-0.02153975184,0.3375398088,-0.9410647781]
			],
			"t": [
				[0.8557749335],
				[123.9900561],
				[323.5150192]
			]
		},
		{
			"name": "03_20",
			"type": "vga",
			"resolution": [640,480],
			"panel": 3,
			"node": 20,
			"K": [
				[747.833708,1.142688,356.900027],
				[0,746.77843,214.744517],
				[0,0,1]
			],
			"distCoef": [-0.349272,0.223302,0,0,-0.206226],
			"R": [
				[-0.9990101969,0.004689974513,-0.0442338181],
				[-0.01176071455,0.9311901229,0.3643441238],
				[0.04289885917,0.3645037162,-0.9302132706]
			],
			"t": [
				[27.28679307],
				[109.1938276],
				[325.6888931]
			]
		},
		{
			"name": "03_21",
			"type": "vga",
			"resolution": [640,480],
			"panel": 3,
			"node": 21,
			"K": [
				[747.667711,0.733049,370.808542],
				[0,747.361609,249.005516],
				[0,0,1]
			],
			"distCoef": [-0.331612,0.111117,0,0,-0.047058],
			"R": [
				[-0.9998232719,-0.01408360477,-0.01245299116],
				[-0.01733389406,0.9470367397,0.3206570595],
				[0.007277432852,0.3208162493,-0.9471134954]
			],
			"t": [
				[28.91247721],
				[139.59177],
				[320.1728633]
			]
		},
		{
			"name": "03_22",
			"type": "vga",
			"resolution": [640,480],
			"panel": 3,
			"node": 22,
			"K": [
				[752.599281,1.461659,362.439298],
				[0,751.32702,226.759367],
				[0,0,1]
			],
			"distCoef": [-0.381372,0.363925,0,0,-0.393017],
			"R": [
				[-0.9990544753,-0.011972348,0.04179495606],
				[0.009455390291,0.87849045,0.4776663322],
				[-0.04243525731,0.4776098745,-0.8775466123]
			],
			"t": [
				[10.6965526],
				[102.5005611],
				[342.0161674]
			]
		},
		{
			"name": "03_23",
			"type": "vga",
			"resolution": [640,480],
			"panel": 3,
			"node": 23,
			"K": [
				[745.397423,0.906804,364.009352],
				[0,744.025436,234.719605],
				[0,0,1]
			],
			"distCoef": [-0.323835,0.0213,0,0,0.202856],
			"R": [
				[-0.9989020815,0.02801873198,0.03754440265],
				[0.04111022695,0.9085566291,0.4157340508],
				[-0.02246287497,0.4168210677,-0.9087109644]
			],
			"t": [
				[1.815362303],
				[131.5604595],
				[333.8842947]
			]
		},
		{
			"name": "03_24",
			"type": "vga",
			"resolution": [640,480],
			"panel": 3,
			"node": 24,
			"K": [
				[748.349405,0.476934,370.360869],
				[0,748.191638,223.803624],
				[0,0,1]
			],
			"distCoef": [-0.356278,0.304122,0,0,-0.560129],
			"R": [
				[-0.9992528164,0.03082724424,-0.02331287027],
				[0.01953430976,0.9232922715,0.3836010846],
				[0.03334995727,0.3828590633,-0.9232045916]
			],
			"t": [
				[4.702746726],
				[127.6185958],
				[329.6376556]
			]
		},
		{
			"name": "04_01",
			"type": "vga",
			"resolution": [640,480],
			"panel": 4,
			"node": 1,
			"K": [
				[746.89538,0.461946,369.712901],
				[0,746.380074,244.503151],
				[0,0,1]
			],
			"distCoef": [-0.319404,0.022526,0,0,0.123007],
			"R": [
				[-0.5677558435,-0.05798211798,0.8211524683],
				[0.03951183716,0.9944472,0.09753758821],
				[-0.8222482088,0.08782277827,-0.5623122288]
			],
			"t": [
				[-62.32820358],
				[136.0250467],
				[287.8678223]
			]
		},
		{
			"name": "04_02",
			"type": "vga",
			"resolution": [640,480],
			"panel": 4,
			"node": 2,
			"K": [
				[745.71303,0.391017,381.882962],
				[0,744.772542,222.413018],
				[0,0,1]
			],
			"distCoef": [-0.336542,0.146014,0,0,-0.097272],
			"R": [
				[-0.6220070026,-0.01702331509,0.7828266063],
				[-0.001796285291,0.9997920323,0.02031417],
				[-0.7830096182,0.01122937608,-0.6219082239]
			],
			"t": [
				[-55.75912122],
				[149.2507529],
				[279.7200211]
			]
		},
		{
			"name": "04_03",
			"type": "vga",
			"resolution": [640,480],
			"panel": 4,
			"node": 3,
			"K": [
				[743.933286,0.540933,379.97275],
				[0,742.573,258.79758],
				[0,0,1]
			],
			"distCoef": [-0.302094,-0.086992,0,0,0.282645],
			"R": [
				[-0.5871679901,0.04229864628,0.8083591874],
				[0.09364876347,0.9954777871,0.01593375027],
				[-0.8040296391,0.08505762647,-0.5884739074]
			],
			"t": [
				[-53.49369701],
				[110.9146398],
				[287.812531]
			]
		},
		{
			"name": "04_04",
			"type": "vga",
			"resolution": [640,480],
			"panel": 4,
			"node": 4,
			"K": [
				[744.347699,0.597738,395.833062],
				[0,743.481638,223.648543],
				[0,0,1]
			],
			"distCoef": [-0.306953,-0.041511,0,0,0.217567],
			"R": [
				[-0.6066746888,0.05813031893,0.7928219775],
				[0.06387378746,0.9976627589,-0.02427259181],
				[-0.7923799349,0.03591497541,-0.6089697474]
			],
			"t": [
				[-24.73166664],
				[117.2370676],
				[283.1299]
			]
		},
		{
			"name": "04_05",
			"type": "vga",
			"resolution": [640,480],
			"panel": 4,
			"node": 5,
			"K": [
				[746.991296,0.795236,370.653818],
				[0,745.901866,260.958239],
				[0,0,1]
			],
			"distCoef": [-0.340452,0.145129,0,0,-0.056436],
			"R": [
				[-0.6357847107,0.01315466516,0.7717543369],
				[0.04960073745,0.9984844993,0.02384264056],
				[-0.7702711007,0.05343837057,-0.6354736596]
			],
			"t": [
				[-16.16200136],
				[89.5655982],
				[285.7449447]
			]
		},
		{
			"name": "04_06",
			"type": "vga",
			"resolution": [640,480],
			"panel": 4,
			"node": 6,
			"K": [
				[746.724574,0.187735,365.117529],
				[0,746.054161,223.820879],
				[0,0,1]
			],
			"distCoef": [-0.318047,0.016921,0,0,0.11982],
			"R": [
				[-0.6066902777,0.09636490095,0.78907586],
				[0.1218193812,0.9921711002,-0.02750538536],
				[-0.7855488179,0.07943748307,-0.6136796729]
			],
			"t": [
				[2.812149519],
				[75.3004319],
				[287.4461053]
			]
		},
		{
			"name": "04_07",
			"type": "vga",
			"resolution": [640,480],
			"panel": 4,
			"node": 7,
			"K": [
				[744.770936,0.764076,376.248095],
				[0,744.267772,217.403072],
				[0,0,1]
			],
			"distCoef": [-0.290679,-0.123767,0,0,0.378383],
			"R": [
				[-0.600514723,-0.05756106066,0.7975392102],
				[0.001739282193,0.9973092478,0.07328873857],
				[-0.7996118073,0.04539811229,-0.5987987717]
			],
			"t": [
				[1.024998449],
				[98.8563402],
				[284.3434906]
			]
		},
		{
			"name": "04_08",
			"type": "vga",
			"resolution": [640,480],
			"panel": 4,
			"node": 8,
			"K": [
				[744.770936,0.764076,376.248095],
				[0,744.267772,217.403072],
				[0,0,1]
			],
			"distCoef": [-0.290679,-0.123767,0,0,0.378383],
			"R": [
				[-0.9610410199,0.02955079861,-0.2748215937],
				[0.005847346208,0.9962196747,0.08667276504],
				[0.2763439281,0.08168910551,-0.957580766]
			],
			"t": [
				[-46.25903829],
				[143.5237551],
				[287.1962273]
			]
		},
		{
			"name": "04_09",
			"type": "vga",
			"resolution": [640,480],
			"panel": 4,
			"node": 9,
			"K": [
				[747.887108,0.433172,354.584478],
				[0,747.595064,216.344008],
				[0,0,1]
			],
			"distCoef": [-0.349787,0.231154,0,0,-0.2269],
			"R": [
				[-0.6106874177,0.01483907838,0.7917327072],
				[0.04185169281,0.9990318519,0.01355708834],
				[-0.790765018,0.04141449731,-0.6107172224]
			],
			"t": [
				[49.38048832],
				[107.9658689],
				[283.9560506]
			]
		},
		{
			"name": "04_10",
			"type": "vga",
			"resolution": [640,480],
			"panel": 4,
			"node": 10,
			"K": [
				[745.23859,0.317643,373.509928],
				[0,744.678445,205.687267],
				[0,0,1]
			],
			"distCoef": [-0.317678,0.010782,0,0,0.155247],
			"R": [
				[-0.5971918562,-0.01846398953,0.8018858822],
				[0.03233767682,0.9983679612,0.04707110284],
				[-0.8014462936,0.05404160578,-0.5956201334]
			],
			"t": [
				[35.51084758],
				[126.9678059],
				[285.818347]
			]
		},
		{
			"name": "04_11",
			"type": "vga",
			"resolution": [640,480],
			"panel": 4,
			"node": 11,
			"K": [
				[744.66717,0.562924,378.658448],
				[0,744.077008,230.088898],
				[0,0,1]
			],
			"distCoef": [-0.314714,0.024178,0,0,0.111404],
			"R": [
				[-0.6178260867,-0.009232893005,0.7862605677],
				[0.04248678767,0.9980783416,0.04510539859],
				[-0.7851660967,0.06127297769,-0.61624656]
			],
			"t": [
				[59.45059458],
