<?xml version="1.0"?>
<opencv_storage>
<CameraMatrix type_id="opencv-matrix">
  <rows>3</rows>
  <cols>4</cols>
  <dt>d</dt>
  <data>
    2.6623435639999998e-01 -6.8259047460000000e-01
    6.8058027550000000e-01 -1.0038419640000000e+00
    8.9203685129999999e-01 -9.3051715760000001e-02
    -4.4228004040000002e-01 -3.5960644369999994e-01
    3.6522530510000001e-01 7.2485282790000005e-01 5.8412229400000004e-01
    3.6792779689999997e+00</data></CameraMatrix>
<Intrinsics type_id="opencv-matrix">
  <rows>3</rows>
  <cols>3</cols>
  <dt>d</dt>
  <data>
    1.3943624259999999e+03 -2.2767299999999999e-01
    9.5112871600000005e+02 0. 1.3926691290000001e+03
    5.7275822300000004e+02 0. 0. 1.</data></Intrinsics>
<Distortion type_id="opencv-matrix">
  <rows>5</rows>
  <cols>1</cols>
  <dt>d</dt>
  <data>
    -2.8942800000000002e-01 1.9750999999999999e-01
    2.1699999999999999e-04 2.7999999999999998e-04
    -6.2785999999999995e-02</data></Distortion>
</opencv_storage>
