<?xml version="1.0"?>
<opencv_storage>
<CameraMatrix type_id="opencv-matrix">
  <rows>3</rows>
  <cols>4</cols>
  <dt>d</dt>
  <data>
    7.6098537460000004e-01 -8.7557425800000005e-02
    -6.4283353740000004e-01 2.1669432650000001e-02
    1.4571158470000001e-01 9.8860318979999995e-01 3.7840020779999997e-02
    1.5092042969999999e+00 6.3219411069999998e-01
    -1.2246399580000000e-01 7.6507069999999999e-01
    2.5020975390000002e+00</data></CameraMatrix>
<Intrinsics type_id="opencv-matrix">
  <rows>3</rows>
  <cols>3</cols>
  <dt>d</dt>
  <data>
    1.3986689110000000e+03 -5.2101699999999995e-01
    9.4824069399999996e+02 0. 1.3931838900000000e+03
    5.3874781499999995e+02 0. 0. 1.</data></Intrinsics>
<Distortion type_id="opencv-matrix">
  <rows>5</rows>
  <cols>1</cols>
  <dt>d</dt>
  <data>
    -2.8573300000000001e-01 1.8446100000000001e-01
    -5.1999999999999995e-04 8.6100000000000000e-04
    -4.9966000000000003e-02</data></Distortion>
</opencv_storage>
