<?xml version="1.0"?>
<opencv_storage>
<CameraMatrix type_id="opencv-matrix">
  <rows>3</rows>
  <cols>4</cols>
  <dt>d</dt>
  <data>
    6.1653050050000002e-01 -1.4314529660000000e-02
    7.8720088680000000e-01 -2.2434402639999998e-01
    3.5384395909999998e-02 9.9932823169999996e-01
    -9.5409517790000006e-03 1.4352233219999999e+00
    -7.8653549599999995e-01 3.3736915610000001e-02
    6.1662284590000005e-01 2.7972158750000000e+00</data></CameraMatrix>
<Intrinsics type_id="opencv-matrix">
  <rows>3</rows>
  <cols>3</cols>
  <dt>d</dt>
  <data>
    1.3964566000000000e+03 -1.8249399999999999e-01
    9.3436242800000002e+02 0. 1.3918982570000001e+03
    5.6021773599999995e+02 0. 0. 1.</data></Intrinsics>
<Distortion type_id="opencv-matrix">
  <rows>5</rows>
  <cols>1</cols>
  <dt>d</dt>
  <data>
    -2.9006399999999999e-01 1.9349100000000000e-01
    -3.6099999999999999e-04 8.3999999999999995e-05
    -5.8761000000000001e-02</data></Distortion>
</opencv_storage>
