<?xml version="1.0"?>
<opencv_storage>
<CameraMatrix type_id="opencv-matrix">
  <rows>3</rows>
  <cols>4</cols>
  <dt>d</dt>
  <data>
    -9.8334741290000005e-01 -9.2115374299999997e-02
    -1.5666085480000000e-01 -5.7989939190000006e-01
    -1.0021418800000000e-01 9.9396613730000005e-01
    4.4591865100000003e-02 1.3120925349999999e+00 1.5160798830000000e-01
    5.9548935530000000e-02 -9.8664529700000003e-01
    2.8251857039999999e+00</data></CameraMatrix>
<Intrinsics type_id="opencv-matrix">
  <rows>3</rows>
  <cols>3</cols>
  <dt>d</dt>
  <data>
    1.4008944270000000e+03 4.5816800000000002e-01 9.4595113900000001e+02
    0. 1.3963304800000001e+03 5.5531801599999994e+02 0. 0. 1.</data></Intrinsics>
<Distortion type_id="opencv-matrix">
  <rows>5</rows>
  <cols>1</cols>
  <dt>d</dt>
  <data>
    -2.9097499999999998e-01 2.0199500000000001e-01
    -4.6000000000000001e-04 7.9500000000000003e-04
    -6.5757999999999997e-02</data></Distortion>
</opencv_storage>
