<?xml version="1.0"?>
<opencv_storage>
<CameraMatrix type_id="opencv-matrix">
  <rows>3</rows>
  <cols>4</cols>
  <dt>d</dt>
  <data>
    -9.7144215509999998e-01 -5.1219626400000003e-02
    -2.3168230240000001e-01 -4.5915006979999999e-02
    -2.0775375099999999e-01 6.5529839820000002e-01
    7.2623852020000002e-01 8.0539470120000001e-01 1.1462337600000000e-01
    7.5363158050000001e-01 -6.4722555770000001e-01
    3.7952554890000001e+00</data></CameraMatrix>
<Intrinsics type_id="opencv-matrix">
  <rows>3</rows>
  <cols>3</cols>
  <dt>d</dt>
  <data>
    1.3961377040000000e+03 1.4862510000000000e+00 9.4627827700000000e+02
    0. 1.3913430659999999e+03 5.4822788600000001e+02 0. 0. 1.</data></Intrinsics>
<Distortion type_id="opencv-matrix">
  <rows>5</rows>
  <cols>1</cols>
  <dt>d</dt>
  <data>
    -2.8581099999999998e-01 1.8259800000000001e-01
    -4.1999999999999998e-05 8.2600000000000002e-04
    -5.0411999999999998e-02</data></Distortion>
</opencv_storage>
