<?xml version="1.0"?>
<opencv_storage>
<CameraMatrix type_id="opencv-matrix">
  <rows>3</rows>
  <cols>4</cols>
  <dt>d</dt>
  <data>
    9.7465056080000001e-01 -3.8960178249999998e-02
    2.2031429559999999e-01 -1.1473310300000000e-01
    1.6708765640000001e-01 7.8161946120000003e-01
    -6.0095984300000005e-01 1.1552356989999999e+00
    -1.4878843840000000e-01 6.2253764730000005e-01
    7.6831561110000002e-01 3.5564520200000000e+00</data></CameraMatrix>
<Intrinsics type_id="opencv-matrix">
  <rows>3</rows>
  <cols>3</cols>
  <dt>d</dt>
  <data>
    1.3955813980000000e+03 -3.6337300000000000e-01
    9.4844767899999999e+02 0. 1.3913635180000001e+03
    5.4737678600000004e+02 0. 0. 1.</data></Intrinsics>
<Distortion type_id="opencv-matrix">
  <rows>5</rows>
  <cols>1</cols>
  <dt>d</dt>
  <data>
    -2.8951100000000002e-01 1.9114200000000001e-01
    -2.9200000000000000e-04 8.8999999999999995e-05
    -5.6293000000000003e-02</data></Distortion>
</opencv_storage>
