<?xml version="1.0"?>
<opencv_storage>
<CameraMatrix type_id="opencv-matrix">
  <rows>3</rows>
  <cols>4</cols>
  <dt>d</dt>
  <data>
    8.5587447220000001e-01 2.3342623670000000e-03 5.1717834350000003e-01
    2.7678009349999998e-02 -3.1079789120000000e-02
    9.9841467620000002e-01 4.6927402540000003e-02 1.3504867010000001e+00
    -5.1624890749999996e-01 -5.6237759730000003e-02
    8.5459018239999995e-01 2.6484047520000003e+00</data></CameraMatrix>
<Intrinsics type_id="opencv-matrix">
  <rows>3</rows>
  <cols>3</cols>
  <dt>d</dt>
  <data>
    1.4297971359999999e+03 -6.7218100000000003e-01
    9.5082823199999996e+02 0. 1.4248002260000001e+03
    5.5955508799999996e+02 0. 0. 1.</data></Intrinsics>
<Distortion type_id="opencv-matrix">
  <rows>5</rows>
  <cols>1</cols>
  <dt>d</dt>
  <data>
    -2.8184500000000001e-01 2.0305200000000001e-01
    2.4000000000000001e-05 2.7599999999999999e-04
    -6.2520999999999993e-02</data></Distortion>
</opencv_storage>
