<?xml version="1.0"?>
<opencv_storage>
<CameraMatrix type_id="opencv-matrix">
  <rows>3</rows>
  <cols>4</cols>
  <dt>d</dt>
  <data>
    -8.8448631330000005e-01 9.5512488950000002e-02
    4.5668514970000001e-01 1.9767721559999998e-01 3.6683461589999999e-01
    7.4719277380000004e-01 5.5419790989999995e-01 9.2284300679999998e-01
    -2.8829902200000002e-01 6.5770838769999995e-01
    -6.9591906900000000e-01 3.6671992879999999e+00</data></CameraMatrix>
<Intrinsics type_id="opencv-matrix">
  <rows>3</rows>
  <cols>3</cols>
  <dt>d</dt>
  <data>
    1.3939936909999999e+03 5.1138200000000000e-01 9.1860199599999999e+02
    0. 1.3892608710000000e+03 5.6356883900000003e+02 0. 0. 1.</data></Intrinsics>
<Distortion type_id="opencv-matrix">
  <rows>5</rows>
  <cols>1</cols>
  <dt>d</dt>
  <data>
    -2.8317199999999998e-01 1.7202300000000001e-01
    -9.1000000000000003e-05 4.6200000000000001e-04
    -3.8773000000000002e-02</data></Distortion>
</opencv_storage>
