<?xml version="1.0"?>
<opencv_storage>
<CameraMatrix type_id="opencv-matrix">
  <rows>3</rows>
  <cols>4</cols>
  <dt>d</dt>
  <data>
    -6.4042902570000004e-01 4.7507333890000003e-02
    -7.6654661719999995e-01 3.0108386580000002e-01
    -4.5364084929999998e-01 7.8197252859999999e-01
    4.2746806230000001e-01 1.1313939040000001e+00 6.1972626450000001e-01
    6.2149981310000002e-01 -4.7924663730000000e-01
    3.5905519349999997e+00</data></CameraMatrix>
<Intrinsics type_id="opencv-matrix">
  <rows>3</rows>
  <cols>3</cols>
  <dt>d</dt>
  <data>
    1.3928939230000001e+03 4.4864799999999999e-01 9.4627557800000000e+02
    0. 1.3902650460000000e+03 5.6137056199999995e+02 0. 0. 1.</data></Intrinsics>
<Distortion type_id="opencv-matrix">
  <rows>5</rows>
  <cols>1</cols>
  <dt>d</dt>
  <data>
    -2.8304800000000002e-01 1.7445500000000000e-01
    3.4699999999999998e-04 6.9800000000000005e-04
    -4.1460999999999998e-02</data></Distortion>
</opencv_storage>
