<?xml version="1.0"?>
<opencv_storage>
<CameraMatrix type_id="opencv-matrix">
  <rows>3</rows>
  <cols>4</cols>
  <dt>d</dt>
  <data>
    8.3016397180000001e-01 -2.3289966289999999e-03
    -5.5751444439999998e-01 1.5596905149999998e-01
    -2.2036877120000001e-01 9.1718765840000005e-01
    -3.3197048649999999e-01 1.2071954229999999e+00
    5.1211852589999995e-01 3.9844871059999998e-01 7.6090291129999998e-01
    3.2171229920000002e+00</data></CameraMatrix>
<Intrinsics type_id="opencv-matrix">
  <rows>3</rows>
  <cols>3</cols>
  <dt>d</dt>
  <data>
    1.5461160689999999e+03 -6.5583400000000003e-01
    9.4570478000000003e+02 0. 1.5402866839999999e+03
    5.5158472700000004e+02 0. 0. 1.</data></Intrinsics>
<Distortion type_id="opencv-matrix">
  <rows>5</rows>
  <cols>1</cols>
  <dt>d</dt>
  <data>
    -2.4825900000000001e-01 1.9021600000000000e-01
    1.1000000000000000e-05 4.6200000000000001e-04 2.1970000000000002e-03</data></Distortion>
</opencv_storage>
