<?xml version="1.0"?>
<opencv_storage>
<CameraMatrix type_id="opencv-matrix">
  <rows>3</rows>
  <cols>4</cols>
  <dt>d</dt>
  <data>
    -2.6081274339999999e-01 1.1213514790000000e-02
    -9.6532428230000000e-01 -1.5999463799999999e-01
    -7.4132795299999998e-01 6.3819343340000001e-01
    2.0770654210000000e-01 7.6715859929999997e-01 6.1839273849999998e-01
    7.6979438720000004e-01 -1.5813608820000000e-01
    3.7785655110000000e+00</data></CameraMatrix>
<Intrinsics type_id="opencv-matrix">
  <rows>3</rows>
  <cols>3</cols>
  <dt>d</dt>
  <data>
    1.4020889689999999e+03 -4.0405900000000000e-01
    9.4810585800000001e+02 0. 1.3997036800000001e+03
    5.5412362099999996e+02 0. 0. 1.</data></Intrinsics>
<Distortion type_id="opencv-matrix">
  <rows>5</rows>
  <cols>1</cols>
  <dt>d</dt>
  <data>
    -2.9350500000000002e-01 2.0053399999999999e-01
    7.4999999999999993e-05 8.8400000000000002e-04
    -5.9143000000000001e-02</data></Distortion>
</opencv_storage>
