<?xml version="1.0"?>
<opencv_storage>
<CameraMatrix type_id="opencv-matrix">
  <rows>3</rows>
  <cols>4</cols>
  <dt>d</dt>
  <data>
    -5.1542641800000000e-01 -7.7258841249999999e-01
    -3.7073272390000001e-01 -1.4233071469999998e+00
    -4.7142499199999999e-01 -1.0563535280000000e-01
    8.7555676530000004e-01 -3.9974834629999995e-01
    -7.1560749339999996e-01 6.2605775870000002e-01
    -3.0977023460000003e-01 3.5876112099999999e+00</data></CameraMatrix>
<Intrinsics type_id="opencv-matrix">
  <rows>3</rows>
  <cols>3</cols>
  <dt>d</dt>
  <data>
    1.3940950120000000e+03 5.8953500000000003e-01 9.3637888699999996e+02
    0. 1.3925519429999999e+03 5.7035056899999995e+02 0. 0. 1.</data></Intrinsics>
<Distortion type_id="opencv-matrix">
  <rows>5</rows>
  <cols>1</cols>
  <dt>d</dt>
  <data>
    -2.9583399999999999e-01 2.1025800000000000e-01
    -3.0699999999999998e-04 7.1299999999999998e-04
    -7.2661000000000003e-02</data></Distortion>
</opencv_storage>
