<?xml version="1.0"?>
<opencv_storage>
<CameraMatrix type_id="opencv-matrix">
  <rows>3</rows>
  <cols>4</cols>
  <dt>d</dt>
  <data>
    7.9500548480000000e-01 4.0777736520000003e-02 6.0523008460000005e-01
    1.6395021459999998e-01 2.4661361120000000e-01 8.8983513520000002e-01
    -3.8389472390000001e-01 9.8774625739999999e-01
    -5.5420935210000000e-01 4.5445638779999997e-01
    6.9736746819999995e-01 3.3277190009999997e+00</data></CameraMatrix>
<Intrinsics type_id="opencv-matrix">
  <rows>3</rows>
  <cols>3</cols>
  <dt>d</dt>
  <data>
    1.3959808920000000e+03 -3.0383800000000000e-01
    9.6508943599999998e+02 0. 1.3914642180000001e+03
    5.6262859700000001e+02 0. 0. 1.</data></Intrinsics>
<Distortion type_id="opencv-matrix">
  <rows>5</rows>
  <cols>1</cols>
  <dt>d</dt>
  <data>
    -2.9213499999999998e-01 1.9835500000000000e-01
    -2.9500000000000001e-04 6.9800000000000005e-04
    -6.2355000000000001e-02</data></Distortion>
</opencv_storage>
