<?xml version="1.0"?>
<opencv_storage>
<CameraMatrix type_id="opencv-matrix">
  <rows>3</rows>
  <cols>4</cols>
  <dt>d</dt>
  <data>
    -9.9752282790000002e-01 4.2832448279999998e-02
    5.5799544159999999e-02 5.3386714350000003e-02 6.2918802149999994e-02
    8.9799755550000004e-01 4.3547860410000000e-01 1.0239588860000000e+00
    -3.1455239480000001e-02 4.3791068909999997e-01
    -8.9846802739999998e-01 3.3651627530000003e+00</data></CameraMatrix>
<Intrinsics type_id="opencv-matrix">
  <rows>3</rows>
  <cols>3</cols>
  <dt>d</dt>
  <data>
    1.4952772510000000e+03 1.0730379999999999e+00 9.3529025100000001e+02
    0. 1.4899636720000001e+03 5.4691871900000001e+02 0. 0. 1.</data></Intrinsics>
<Distortion type_id="opencv-matrix">
  <rows>5</rows>
  <cols>1</cols>
  <dt>d</dt>
  <data>
    -2.6068200000000002e-01 1.9169800000000001e-01
    -2.5000000000000001e-04 3.9599999999999998e-04
    -2.9342000000000000e-02</data></Distortion>
</opencv_storage>
