<?xml version="1.0"?>
<opencv_storage>
<CameraMatrix type_id="opencv-matrix">
  <rows>3</rows>
  <cols>4</cols>
  <dt>d</dt>
  <data>
    -4.0138137639999999e-01 -7.3944280360000003e-02
    -9.1292126389999995e-01 1.8016889729999999e-02
    6.4256135500000006e-02 9.9200650690000003e-01
    -1.0860128610000000e-01 1.4841857030000001e+00
    9.1365427799999999e-01 -1.0225132610000000e-01
    -3.9342156340000001e-01 2.6156103719999999e+00</data></CameraMatrix>
<Intrinsics type_id="opencv-matrix">
  <rows>3</rows>
  <cols>3</cols>
  <dt>d</dt>
  <data>
    1.4174886300000001e+03 1.8083800000000000e-01 9.3296557700000005e+02
    0. 1.4133903980000000e+03 5.6833825800000000e+02 0. 0. 1.</data></Intrinsics>
<Distortion type_id="opencv-matrix">
  <rows>5</rows>
  <cols>1</cols>
  <dt>d</dt>
  <data>
    -2.8247600000000000e-01 1.9942900000000000e-01
    -5.8000000000000000e-04 1.8000000000000000e-05
    -6.1634000000000001e-02</data></Distortion>
</opencv_storage>
