<?xml version="1.0"?>
<opencv_storage>
<CameraMatrix type_id="opencv-matrix">
  <rows>3</rows>
  <cols>4</cols>
  <dt>d</dt>
  <data>
    -3.0677066739999997e-01 4.7262488009999996e-03
    -9.5177172700000001e-01 1.3886061580000000e-01
    -3.7797380549999998e-01 9.1714972650000004e-01
    1.2638109640000000e-01 1.1969232610000000e+00 8.7351448759999994e-01
    3.9851479490000002e-01 -2.7956823539999998e-01
    3.2749245079999998e+00</data></CameraMatrix>
<Intrinsics type_id="opencv-matrix">
  <rows>3</rows>
  <cols>3</cols>
  <dt>d</dt>
  <data>
    1.4498878430000000e+03 -6.3867499999999999e-01
    9.4910578699999996e+02 0. 1.4462623269999999e+03
    5.4641006600000003e+02 0. 0. 1.</data></Intrinsics>
<Distortion type_id="opencv-matrix">
  <rows>5</rows>
  <cols>1</cols>
  <dt>d</dt>
  <data>
    -2.7698699999999998e-01 2.0114299999999999e-01
    -9.2999999999999997e-05 4.1599999999999997e-04
    -5.1853000000000003e-02</data></Distortion>
</opencv_storage>
