<?xml version="1.0"?>
<opencv_storage>
<CameraMatrix type_id="opencv-matrix">
  <rows>3</rows>
  <cols>4</cols>
  <dt>d</dt>
  <data>
    1.1875203320000000e-01 -2.9401289710000000e-02
    9.9248854840000000e-01 -1.4935871510000001e-01
    6.4282212459999999e-01 7.6408999170000003e-01
    -5.4278916519999998e-02 1.0144842720000000e+00
    -7.5675469660000005e-01 6.4443932900000001e-01
    1.0963703960000000e-01 3.6365896320000002e+00</data></CameraMatrix>
<Intrinsics type_id="opencv-matrix">
  <rows>3</rows>
  <cols>3</cols>
  <dt>d</dt>
  <data>
    1.3946844030000000e+03 5.8946999999999999e-02 9.5565118199999995e+02
    0. 1.3903737220000000e+03 5.6006443100000001e+02 0. 0. 1.</data></Intrinsics>
<Distortion type_id="opencv-matrix">
  <rows>5</rows>
  <cols>1</cols>
  <dt>d</dt>
  <data>
    -2.8266100000000000e-01 1.7273700000000000e-01
    2.3000000000000000e-05 2.9999999999999997e-04
    -4.0420999999999999e-02</data></Distortion>
</opencv_storage>
