<?xml version="1.0"?>
<opencv_storage>
<CameraMatrix type_id="opencv-matrix">
  <rows>3</rows>
  <cols>4</cols>
  <dt>d</dt>
  <data>
    -4.8262023970000001e-01 2.7002356330000001e-02
    8.7541337490000004e-01 3.8663833070000000e-02
    -4.5589070709999999e-02 9.9739510880000004e-01
    -5.5898422119999999e-02 1.2355699400000000e+00
    -8.7464240739999999e-01 -6.6886992130000003e-02
    -4.8013205409999998e-01 2.6354216839999998e+00</data></CameraMatrix>
<Intrinsics type_id="opencv-matrix">
  <rows>3</rows>
  <cols>3</cols>
  <dt>d</dt>
  <data>
    1.0562728540000001e+03 1.6134999999999999e-01 9.7205197899999996e+02
    0. 1.0553924259999999e+03 5.4220015699999999e+02 0. 0. 1.</data></Intrinsics>
<Distortion type_id="opencv-matrix">
  <rows>5</rows>
  <cols>1</cols>
  <dt>d</dt>
  <data>
    4.7073999999999998e-02 -4.4533999999999997e-02
    -3.4800000000000000e-04 -2.3400000000000000e-04
    -3.6000000000000002e-04</data></Distortion>
</opencv_storage>
