<?xml version="1.0"?>
<opencv_storage>
<CameraMatrix type_id="opencv-matrix">
  <rows>3</rows>
  <cols>4</cols>
  <dt>d</dt>
  <data>
    -9.9116029780000003e-01 -4.3893128569999999e-03
    -1.3259712650000000e-01 -1.0962214560000000e-01
    -4.7659346709999998e-03 9.9998545979999998e-01
    2.5231028840000001e-03 1.0432579270000000e+00 1.3258412380000001e-01
    3.1327486479999999e-03 -9.9116680530000001e-01
    2.7152118230000002e+00</data></CameraMatrix>
<Intrinsics type_id="opencv-matrix">
  <rows>3</rows>
  <cols>3</cols>
  <dt>d</dt>
  <data>
    1.0477909709999999e+03 1.7764409999999999e+00 9.4828079700000001e+02
    0. 1.0467437359999999e+03 5.3359363299999995e+02 0. 0. 1.</data></Intrinsics>
<Distortion type_id="opencv-matrix">
  <rows>5</rows>
  <cols>1</cols>
  <dt>d</dt>
  <data>
    4.7926000000000003e-02 -5.9372000000000001e-02
    3.4699999999999998e-04 -1.3700000000000000e-04
    1.5084999999999999e-02</data></Distortion>
</opencv_storage>
