<?xml version="1.0"?>
<opencv_storage>
<CameraMatrix type_id="opencv-matrix">
  <rows>3</rows>
  <cols>4</cols>
  <dt>d</dt>
  <data>
    -2.9193197679999999e-01 -5.0023870349999999e-02
    9.5513000859999997e-01 -1.3596508740000002e-01
    4.2590498259999998e-01 8.8735535840000002e-01 1.7665054120000001e-01
    9.5124284930000003e-01 -8.5637647480000001e-01
    4.5836457139999998e-01 -2.3774198830000001e-01
    3.3768928859999998e+00</data></CameraMatrix>
<Intrinsics type_id="opencv-matrix">
  <rows>3</rows>
  <cols>3</cols>
  <dt>d</dt>
  <data>
    1.3970702300000000e+03 3.7582199999999999e-01 9.3604098399999998e+02
    0. 1.3925797620000001e+03 5.6130322200000001e+02 0. 0. 1.</data></Intrinsics>
<Distortion type_id="opencv-matrix">
  <rows>5</rows>
  <cols>1</cols>
  <dt>d</dt>
  <data>
    -2.8893799999999997e-01 1.9427600000000000e-01
    2.6999999999999999e-05 -9.1000000000000003e-05
    -6.1086000000000001e-02</data></Distortion>
</opencv_storage>
