<?xml version="1.0"?>
<opencv_storage>
<CameraMatrix type_id="opencv-matrix">
  <rows>3</rows>
  <cols>4</cols>
  <dt>d</dt>
  <data>
    1.0958326200000000e-01 4.0662577210000002e-02 9.9314553989999999e-01
    1.6897747399999999e-01 1.9340495910000000e-01 9.7919389479999996e-01
    -6.1431573910000002e-02 1.4039311550000000e+00
    -9.7498001540000001e-01 1.9881114470000000e-01
    9.9438916990000001e-02 3.0413693650000000e+00</data></CameraMatrix>
<Intrinsics type_id="opencv-matrix">
  <rows>3</rows>
  <cols>3</cols>
  <dt>d</dt>
  <data>
    1.4030859809999999e+03 5.2816600000000002e-01 9.4606697299999996e+02
    0. 1.3983032229999999e+03 5.5210926300000006e+02 0. 0. 1.</data></Intrinsics>
<Distortion type_id="opencv-matrix">
  <rows>5</rows>
  <cols>1</cols>
  <dt>d</dt>
  <data>
    -2.8551100000000001e-01 1.8447800000000000e-01
    -1.7000000000000001e-04 2.7999999999999998e-04
    -4.9321999999999998e-02</data></Distortion>
</opencv_storage>
