<?xml version="1.0"?>
<opencv_storage>
<CameraMatrix type_id="opencv-matrix">
  <rows>3</rows>
  <cols>4</cols>
  <dt>d</dt>
  <data>
    9.8297160419999996e-01 -6.3156716540000005e-02
    1.7256318979999999e-01 -1.1384803330000000e-01
    1.0983743830000001e-01 9.5479785819999996e-01
    -2.7621873070000003e-01 1.1173300950000000e+00
    -1.4731789590000000e-01 2.9046906750000001e-01
    9.4547615429999998e-01 3.0799332879999999e+00</data></CameraMatrix>
<Intrinsics type_id="opencv-matrix">
  <rows>3</rows>
  <cols>3</cols>
  <dt>d</dt>
  <data>
    1.3964961519999999e+03 -7.2745199999999999e-01
    9.4837360699999999e+02 0. 1.3915057099999999e+03
    5.5853229499999998e+02 0. 0. 1.</data></Intrinsics>
<Distortion type_id="opencv-matrix">
  <rows>5</rows>
  <cols>1</cols>
  <dt>d</dt>
  <data>
    -2.9211500000000001e-01 1.9521700000000000e-01
    -2.7099999999999997e-04 7.6700000000000000e-04
    -5.7466000000000003e-02</data></Distortion>
</opencv_storage>
