<?xml version="1.0"?>
<opencv_storage>
<CameraMatrix type_id="opencv-matrix">
  <rows>3</rows>
  <cols>4</cols>
  <dt>d</dt>
  <data>
    1.1148649700000001e-02 1.0785899119999999e-02
    -9.9987967879999995e-01 5.6187034230000002e-02
    -1.7704441390000000e-01 9.8416491780000004e-01
    8.6423372289999995e-03 1.0215453919999999e+00 9.8413971730000005e-01
    1.7692676130000001e-01 1.2881693099999999e-02 2.9251359789999998e+00</data></CameraMatrix>
<Intrinsics type_id="opencv-matrix">
  <rows>3</rows>
  <cols>3</cols>
  <dt>d</dt>
  <data>
    1.3978050810000000e+03 -7.6944400000000002e-01
    9.4114626699999997e+02 0. 1.3927832260000000e+03
    5.5984945800000003e+02 0. 0. 1.</data></Intrinsics>
<Distortion type_id="opencv-matrix">
  <rows>5</rows>
  <cols>1</cols>
  <dt>d</dt>
  <data>
    -2.8582700000000000e-01 1.8257100000000001e-01
    -2.0500000000000000e-04 1.2899999999999999e-04
    -4.9778000000000003e-02</data></Distortion>
</opencv_storage>
