<?xml version="1.0"?>
<opencv_storage>
<CameraMatrix type_id="opencv-matrix">
  <rows>3</rows>
  <cols>4</cols>
  <dt>d</dt>
  <data>
    -8.7662736440000000e-01 -7.1333237640000005e-02
    4.7585295329999999e-01 -1.9605672850000000e-01
    2.9127320269999998e-03 9.8814515609999998e-01 1.5349484190000001e-01
    1.5772611720000000e+00 -4.8116107479999998e-01
    1.3594381089999999e-01 -8.6602730920000004e-01
    2.9671203820000001e+00</data></CameraMatrix>
<Intrinsics type_id="opencv-matrix">
  <rows>3</rows>
  <cols>3</cols>
  <dt>d</dt>
  <data>
    1.3997157749999999e+03 1.1702429999999999e+00 9.4304417300000000e+02
    0. 1.3947702760000000e+03 5.7046339599999999e+02 0. 0. 1.</data></Intrinsics>
<Distortion type_id="opencv-matrix">
  <rows>5</rows>
  <cols>1</cols>
  <dt>d</dt>
  <data>
    -2.9272999999999999e-01 2.0445300000000000e-01
    -5.1300000000000000e-04 7.9000000000000001e-04
    -6.9119000000000000e-02</data></Distortion>
</opencv_storage>
