<?xml version="1.0"?>
<opencv_storage>
<CameraMatrix type_id="opencv-matrix">
  <rows>3</rows>
  <cols>4</cols>
  <dt>d</dt>
  <data>
    -9.9294103300000003e-01 -6.8965836600000004e-03
    1.1840837009999999e-01 4.1816318480000000e-03
    -1.6186955789999999e-02 9.9684700039999996e-01
    -7.7679085199999998e-02 1.4075135399999998e+00
    -1.1749930820000000e-01 -7.9047422160000005e-02
    -9.8992192499999998e-01 2.6764542830000000e+00</data></CameraMatrix>
<Intrinsics type_id="opencv-matrix">
  <rows>3</rows>
  <cols>3</cols>
  <dt>d</dt>
  <data>
    1.4067266130000000e+03 6.6811900000000002e-01 9.3583082400000001e+02
    0. 1.4014117759999999e+03 5.5604042500000003e+02 0. 0. 1.</data></Intrinsics>
<Distortion type_id="opencv-matrix">
  <rows>5</rows>
  <cols>1</cols>
  <dt>d</dt>
  <data>
    -2.8789799999999999e-01 1.9228500000000001e-01
    -3.9199999999999999e-04 6.0099999999999997e-04
    -5.5599000000000003e-02</data></Distortion>
</opencv_storage>
