<?xml version="1.0"?>
<opencv_storage>
<CameraMatrix type_id="opencv-matrix">
  <rows>3</rows>
  <cols>4</cols>
  <dt>d</dt>
  <data>
    4.5766069790000002e-01 6.1113442980000002e-02
    -8.8702414429999998e-01 1.7116473419999997e-01
    -2.2284672189999999e-01 9.7367626360000004e-01
    -4.7894386800000001e-02 1.3376960570000000e+00
    8.6074736370000005e-01 2.1958980130000000e-01 4.5923228880000000e-01
    2.9872363460000004e+00</data></CameraMatrix>
<Intrinsics type_id="opencv-matrix">
  <rows>3</rows>
  <cols>3</cols>
  <dt>d</dt>
  <data>
    1.4104063750000000e+03 -9.9397000000000002e-01
    9.4879202399999997e+02 0. 1.4052395070000000e+03
    5.5972370599999999e+02 0. 0. 1.</data></Intrinsics>
<Distortion type_id="opencv-matrix">
  <rows>5</rows>
  <cols>1</cols>
  <dt>d</dt>
  <data>
    -2.9187200000000002e-01 2.1095000000000000e-01
    -2.0100000000000001e-04 3.8299999999999999e-04
    -7.2530999999999998e-02</data></Distortion>
</opencv_storage>
