<?xml version="1.0"?>
<opencv_storage>
<CameraMatrix type_id="opencv-matrix">
  <rows>3</rows>
  <cols>4</cols>
  <dt>d</dt>
  <data>
    -8.5758202459999999e-01 -6.1145598209999999e-02
    5.1069980120000003e-01 -1.9334570919999998e+00
    5.0614901640000001e-02 9.7805695220000000e-01 2.0209584380000001e-01
    -1.2973129320000001e+00 -5.1185076230000004e-01
    1.9916278309999999e-01 -8.3566918270000001e-01
    4.8709412289999996e+00</data></CameraMatrix>
<Intrinsics type_id="opencv-matrix">
  <rows>3</rows>
  <cols>3</cols>
  <dt>d</dt>
  <data>
    1.0517941280000000e+03 9.6787599999999996e-01 9.5616000299999996e+02
    0. 1.0506079500000001e+03 5.3815634299999999e+02 0. 0. 1.</data></Intrinsics>
<Distortion type_id="opencv-matrix">
  <rows>5</rows>
  <cols>1</cols>
  <dt>d</dt>
  <data>
    6.3671000000000005e-02 -7.9069000000000000e-02
    1.2480000000000000e-03 1.1540000000000001e-03 2.5482000000000001e-02</data></Distortion>
</opencv_storage>
