<?xml version="1.0"?>
<opencv_storage>
<CameraMatrix type_id="opencv-matrix">
  <rows>3</rows>
  <cols>4</cols>
  <dt>d</dt>
  <data>
    6.9026656700000000e-01 -9.0514101129999993e-03
    7.2349854079999998e-01 -7.4140442629999997e-02
    2.8013404780000001e-03 9.9994768869999995e-01 9.8372899829999999e-03
    1.0709069760000001e+00 -7.2354973499999997e-01
    -4.7635866369999998e-03 6.9025581439999995e-01
    2.6685840830000003e+00</data></CameraMatrix>
<Intrinsics type_id="opencv-matrix">
  <rows>3</rows>
  <cols>3</cols>
  <dt>d</dt>
  <data>
    1.0468451740000000e+03 5.8659200000000000e-01 9.7146438400000000e+02
    0. 1.0463969830000001e+03 5.3627359300000001e+02 0. 0. 1.</data></Intrinsics>
<Distortion type_id="opencv-matrix">
  <rows>5</rows>
  <cols>1</cols>
  <dt>d</dt>
  <data>
    5.4015000000000001e-02 -6.9012000000000004e-02
    8.5400000000000005e-04 4.8000000000000001e-04 2.1458999999999999e-02</data></Distortion>
</opencv_storage>
