<?xml version="1.0"?>
<opencv_storage>
<CameraMatrix type_id="opencv-matrix">
  <rows>3</rows>
  <cols>4</cols>
  <dt>d</dt>
  <data>
    9.7387400015547965e-01 2.3821318955279034e-02 2.2583617200173176e-01
    -1.8574430902034075e-01 -1.3775611327818410e-02
    9.9884854698765313e-01 -4.5954463474171307e-02
    3.1183317011025664e-03 -2.2667082819302042e-01
    4.1642825839331890e-02 9.7308078323559821e-01 2.2837988857839563e-02</data></CameraMatrix>
<Intrinsics type_id="opencv-matrix">
  <rows>3</rows>
  <cols>3</cols>
  <dt>d</dt>
  <data>
    7.7491252820114164e+02 0. 3.3498888324591371e+02 0.
    7.6981752583122147e+02 2.4183516092569141e+02 0. 0. 1.</data></Intrinsics>
<Distortion type_id="opencv-matrix">
  <rows>14</rows>
  <cols>1</cols>
  <dt>d</dt>
  <data>
    3.4671447090666184e+01 -6.8442423156028508e+02
    -3.1488936088294478e-04 3.3435648100909541e-04
    1.5301029434965719e+03 3.4709455885083891e+01
    -6.7576039726943691e+02 1.4216558922010579e+03 0. 0. 0. 0. 0. 0.</data></Distortion>
<CameraMatrixInitial type_id="opencv-matrix">
  <rows>3</rows>
  <cols>4</cols>
  <dt>d</dt>
  <data>
    9.7418446314368745e-01 2.4563515234360948e-02 2.2441315801168335e-01
    -1.8680285102037186e-01 -1.8356060730803564e-02
    9.9939012783280590e-01 -2.9705680008625876e-02
    -8.7420253778449364e-03 -2.2500597059609881e-01
    2.4819470374267488e-02 9.7404122453130715e-01 2.2553594847120804e-02</data></CameraMatrixInitial>
</opencv_storage>
